2.873848958780328881e-29
3.745913470410221922e-28
7.204442044942411181e-28
1.066297061947460134e-27
1.412149919400679059e-27
1.758002776853897806e-27
2.103855634307116732e-27
2.449708491760335658e-27
2.795561349213554584e-27
3.141414206666773509e-27
3.487267064119992435e-27
3.833119921573211361e-27
4.178972779026430287e-27
4.524825636479649213e-27
4.870678493932868139e-27
5.216531351386087064e-27
5.562384208839305990e-27
5.908237066292524916e-27
6.254089923745743842e-27
6.599942781198962768e-27
6.945795638652181694e-27
7.291648496105400620e-27
7.637501353558619545e-27
7.983354211011838471e-27
8.329207068465057397e-27
8.675059925918276323e-27
9.020912783371495249e-27
9.366765640824714175e-27
9.712618498277933100e-27
1.005847135573115203e-26
