3.731153927779519168e-29
4.863366154140200556e-28
9.353616915502448243e-28
1.384386767686469683e-27
1.833411843822694720e-27
2.282436919958919758e-27
2.731461996095144437e-27
3.180487072231369116e-27
3.629512148367593795e-27
4.078537224503818833e-27
4.527562300640043870e-27
4.976587376776268191e-27
5.425612452912493228e-27
5.874637529048718266e-27
6.323662605184942586e-27
6.772687681321167624e-27
7.221712757457392662e-27
7.670737833593617699e-27
8.119762909729842737e-27
8.568787985866067775e-27
9.017813062002292812e-27
9.466838138138516415e-27
9.915863214274741453e-27
1.036488829041096649e-26
1.081391336654719153e-26
1.126293844268341657e-26
1.171196351881964160e-26
1.216098859495586664e-26
1.261001367109209024e-26
1.305903874722831672e-26
