1.811171461210917278e-29
2.360768318405954360e-28
4.540419490690816347e-28
6.720070662975679231e-28
8.899721835260542115e-28
1.107937300754540410e-27
1.325902417983026788e-27
1.543867535211512987e-27
1.761832652439999186e-27
1.979797769668485384e-27
2.197762886896971583e-27
2.415728004125457782e-27
2.633693121353944339e-27
2.851658238582430538e-27
3.069623355810916737e-27
3.287588473039402577e-27
3.505553590267889134e-27
3.723518707496375692e-27
3.941483824724861532e-27
4.159448941953348089e-27
4.377414059181833929e-27
4.595379176410320486e-27
4.813344293638806326e-27
5.031309410867292884e-27
5.249274528095779441e-27
5.467239645324265281e-27
5.685204762552751839e-27
5.903169879781237679e-27
6.121134997009724236e-27
6.339100114238210076e-27
