2.409691555147684931e-29
3.140908302916637421e-28
6.040847450318506910e-28
8.940786597720376847e-28
1.184072574512224499e-27
1.474066489252411313e-27
1.764060403992598307e-27
2.054054318732785122e-27
2.344048233472971936e-27
2.634042148213158750e-27
2.924036062953345565e-27
3.214029977693532738e-27
3.504023892433720270e-27
3.794017807173906725e-27
4.084011721914093898e-27
4.374005636654280354e-27
4.663999551394467527e-27
4.953993466134654700e-27
5.243987380874841156e-27
5.533981295615028329e-27
5.823975210355214784e-27
6.113969125095401957e-27
6.403963039835589131e-27
6.693956954575775586e-27
6.983950869315963477e-27
7.273944784056149932e-27
7.563938698796336388e-27
7.853932613536522844e-27
8.143926528276710734e-27
8.433920443016897190e-27
