4.524839241126424626e-29
5.897893907399270623e-28
1.134330389068589996e-27
1.678871387397252661e-27
2.223412385725915505e-27
2.767953384054578349e-27
3.312494382383241551e-27
3.857035380711904754e-27
4.401576379040567240e-27
4.946117377369229725e-27
5.490658375697892928e-27
6.035199374026556130e-27
6.579740372355217898e-27
7.124281370683880383e-27
7.668822369012544304e-27
8.213363367341206789e-27
8.757904365669869274e-27
9.302445363998531760e-27
9.846986362327194245e-27
1.039152736065585817e-26
1.093606835898452065e-26
1.148060935731318314e-26
1.202515035564184706e-26
1.256969135397050954e-26
1.311423235229917203e-26
1.365877335062783595e-26
1.420331434895649700e-26
1.474785534728516092e-26
1.529239634561382484e-26
1.583693734394248589e-26
