2.284571286186119351e-29
2.977820504063286214e-28
5.727183879507960633e-28
8.476547254952635501e-28
1.122591063039730947e-27
1.397527400584198344e-27
1.672463738128665921e-27
1.947400075673133318e-27
2.222336413217600715e-27
2.497272750762068112e-27
2.772209088306535509e-27
3.047145425851002906e-27
3.322081763395471021e-27
3.597018100939938059e-27
3.871954438484405815e-27
4.146890776028872853e-27
4.421827113573340609e-27
4.696763451117808365e-27
4.971699788662275403e-27
5.246636126206743159e-27
5.521572463751210197e-27
5.796508801295677953e-27
6.071445138840144991e-27
6.346381476384612747e-27
6.621317813929080503e-27
6.896254151473548259e-27
7.171190489018014580e-27
7.446126826562482336e-27
7.721063164106950091e-27
7.995999501651417847e-27
