1.295314946279272578e-28
1.688376033426086079e-27
3.247220572224245079e-27
4.806065111022403720e-27
6.364909649820562362e-27
7.923754188618721720e-27
9.482598727416880362e-27
1.104144326621503900e-26
1.260028780501319764e-26
1.415913234381135629e-26
1.571797688260951636e-26
1.727682142140767357e-26
1.883566596020583365e-26
2.039451049900399085e-26
2.195335503780215093e-26
2.351219957660030813e-26
2.507104411539846821e-26
2.662988865419663116e-26
2.818873319299478836e-26
2.974757773179294557e-26
3.130642227059110852e-26
3.286526680938926572e-26
3.442411134818742293e-26
3.598295588698558014e-26
3.754180042578374308e-26
3.910064496458190029e-26
4.065948950338005749e-26
4.221833404217822044e-26
4.377717858097637765e-26
4.533602311977453485e-26
