2.383494374045872197e-29
3.106761632377033466e-28
5.975173827349479880e-28
8.843586022321926742e-28
1.171199821729437360e-27
1.458041041226682047e-27
1.744882260723926374e-27
2.031723480221171060e-27
2.318564699718415747e-27
2.605405919215660433e-27
2.892247138712905119e-27
3.179088358210149805e-27
3.465929577707394133e-27
3.752770797204639178e-27
4.039612016701883505e-27
4.326453236199128550e-27
4.613294455696372878e-27
4.900135675193617205e-27
5.186976894690862250e-27
5.473818114188106578e-27
5.760659333685351623e-27
6.047500553182595950e-27
6.334341772679840995e-27
6.621182992177085323e-27
6.908024211674329650e-27
7.194865431171573978e-27
7.481706650668819740e-27
7.768547870166064068e-27
8.055389089663308395e-27
8.342230309160552723e-27
