3.858544911569789453e-29
5.029413712322001873e-28
9.672972933487024576e-28
1.431653215465204728e-27
1.896009137581706998e-27
2.360365059698209269e-27
2.824720981814711539e-27
3.289076903931213809e-27
3.753432826047716080e-27
4.217788748164218350e-27
4.682144670280720620e-27
5.146500592397222891e-27
5.610856514513725161e-27
6.075212436630227431e-27
6.539568358746728984e-27
7.003924280863230537e-27
7.468280202979733525e-27
7.932636125096236513e-27
8.396992047212738066e-27
8.861347969329239618e-27
9.325703891445742606e-27
9.790059813562245594e-27
1.025441573567874715e-26
1.071877165779524870e-26
1.118312757991175169e-26
1.164748350202825468e-26
1.211183942414475623e-26
1.257619534626125778e-26
1.304055126837776077e-26
1.350490719049426376e-26
