3.872774729749740182e-29
5.047961544294488324e-28
9.708645615614002854e-28
1.436932968693351828e-27
1.903001375825303371e-27
2.369069782957254734e-27
2.835138190089206456e-27
3.301206597221157461e-27
3.767275004353109183e-27
4.233343411485060905e-27
4.699411818617011909e-27
5.165480225748963631e-27
5.631548632880915353e-27
6.097617040012866358e-27
6.563685447144816645e-27
7.029753854276768367e-27
7.495822261408720089e-27
7.961890668540671811e-27
8.427959075672623533e-27
8.894027482804573820e-27
9.360095889936525542e-27
9.826164297068477264e-27
1.029223270420042899e-26
1.075830111133238071e-26
1.122436951846433243e-26
1.169043792559628272e-26
1.215650633272823444e-26
1.262257473986018616e-26
1.308864314699213645e-26
1.355471155412408961e-26
