3.903943788213834090e-29
5.088588799809756789e-28
9.786783220798129777e-28
1.448497764178650187e-27
1.918317206277487575e-27
2.388136648376324964e-27
2.857956090475161993e-27
3.327775532573999023e-27
3.797594974672836411e-27
4.267414416771673800e-27
4.737233858870511188e-27
5.207053300969348577e-27
5.676872743068185248e-27
6.146692185167022636e-27
6.616511627265860025e-27
7.086331069364697413e-27
7.556150511463534802e-27
8.025969953562372190e-27
8.495789395661209578e-27
8.965608837760046967e-27
9.435428279858884355e-27
9.905247721957721744e-27
1.037506716405655913e-26
1.084488660615539652e-26
1.131470604825423247e-26
1.178452549035306986e-26
1.225434493245190725e-26
1.272416437455074464e-26
1.319398381664958203e-26
1.366380325874841942e-26
