2.302332138597388657e-29
3.000970856516596456e-28
5.771708499173453401e-28
8.542446141830311243e-28
1.131318378448716819e-27
1.408392142714402513e-27
1.685465906980088567e-27
1.962539671245774082e-27
2.239613435511459956e-27
2.516687199777145830e-27
2.793760964042831345e-27
3.070834728308517219e-27
3.347908492574202734e-27
3.624982256839888608e-27
3.902056021105573764e-27
4.179129785371259638e-27
4.456203549636945512e-27
4.733277313902631386e-27
5.010351078168317260e-27
5.287424842434002416e-27
5.564498606699688290e-27
5.841572370965374164e-27
6.118646135231060038e-27
6.395719899496745912e-27
6.672793663762431786e-27
6.949867428028116942e-27
7.226941192293803534e-27
7.504014956559488690e-27
7.781088720825173847e-27
8.058162485090860438e-27
