3.413767144583349414e-29
4.449668898801744998e-28
8.557961083145154718e-28
1.266625326748856354e-27
1.677454545183197416e-27
2.088283763617538477e-27
2.499112982051879180e-27
2.909942200486220242e-27
3.320771418920561304e-27
3.731600637354902007e-27
4.142429855789243427e-27
4.553259074223584130e-27
4.964088292657924833e-27
5.374917511092266253e-27
5.785746729526606956e-27
6.196575947960948377e-27
6.607405166395288362e-27
7.018234384829629065e-27
7.429063603263969768e-27
7.839892821698311906e-27
8.250722040132652609e-27
8.661551258566993312e-27
9.072380477001334015e-27
9.483209695435674718e-27
9.894038913870015421e-27
1.030486813230435756e-26
1.071569735073869826e-26
1.112652656917303896e-26
1.153735578760737967e-26
1.194818500604172181e-26
