2.107414321424730835e-29
2.746905563788097066e-28
5.283069695433721217e-28
7.819233827079345368e-28
1.035539795872496952e-27
1.289156209037059457e-27
1.542772622201621782e-27
1.796389035366184107e-27
2.050005448530746612e-27
2.303621861695309117e-27
2.557238274859871622e-27
2.810854688024433768e-27
3.064471101188996273e-27
3.318087514353558419e-27
3.571703927518120923e-27
3.825320340682683428e-27
4.078936753847245933e-27
4.332553167011808438e-27
4.586169580176370943e-27
4.839785993340933447e-27
5.093402406505495952e-27
5.347018819670057739e-27
5.600635232834620244e-27
5.854251645999182749e-27
6.107868059163745254e-27
6.361484472328307758e-27
6.615100885492869546e-27
6.868717298657432768e-27
7.122333711821994555e-27
7.375950124986557778e-27
