3.184321912631751155e-29
4.150598906809661858e-28
7.982765622356148487e-28
1.181493233790263601e-27
1.564709905344912175e-27
1.947926576899560748e-27
2.331143248454209680e-27
2.714359920008858253e-27
3.097576591563506827e-27
3.480793263118155041e-27
3.864009934672803615e-27
4.247226606227452188e-27
4.630443277782101479e-27
5.013659949336750052e-27
5.396876620891398625e-27
5.780093292446047199e-27
6.163309964000695772e-27
6.546526635555345063e-27
6.929743307109993636e-27
7.312959978664642209e-27
7.696176650219290783e-27
8.079393321773939356e-27
8.462609993328587929e-27
8.845826664883236503e-27
9.229043336437886511e-27
9.612260007992535084e-27
9.995476679547183657e-27
1.037869335110183223e-26
1.076191002265648080e-26
1.114512669421112938e-26
