2.573214207156100277e-29
3.354051621741399289e-28
6.450781822767188494e-28
9.547512023792977699e-28
1.264424222481876690e-27
1.574097242584455611e-27
1.883770262687034532e-27
2.193443282789613452e-27
2.503116302892192373e-27
2.812789322994771293e-27
3.122462343097350214e-27
3.432135363199928775e-27
3.741808383302508055e-27
4.051481403405087334e-27
4.361154423507665896e-27
4.670827443610244457e-27
4.980500463712823737e-27
5.290173483815403016e-27
5.599846503917981578e-27
5.909519524020560140e-27
6.219192544123139419e-27
6.528865564225718698e-27
6.838538584328296542e-27
7.148211604430875822e-27
7.457884624533455101e-27
7.767557644636034380e-27
8.077230664738613659e-27
8.386903684841191504e-27
8.696576704943770783e-27
9.006249725046350062e-27
