2.834697486959302996e-29
3.694881551967643819e-28
7.106293355239356890e-28
1.051770515851107041e-27
1.392911696178278393e-27
1.734052876505449924e-27
2.075194056832621097e-27
2.416335237159792269e-27
2.757476417486963800e-27
3.098617597814135332e-27
3.439758778141307222e-27
3.780899958468478036e-27
4.122041138795649567e-27
4.463182319122821098e-27
4.804323499449991912e-27
5.145464679777163443e-27
5.486605860104334975e-27
5.827747040431506506e-27
6.168888220758678037e-27
6.510029401085848851e-27
6.851170581413020382e-27
7.192311761740190479e-27
7.533452942067362010e-27
7.874594122394533541e-27
8.215735302721705072e-27
8.556876483048876604e-27
8.898017663376048135e-27
9.239158843703219666e-27
9.580300024030389763e-27
9.921441204357561294e-27
