2.296944426754267812e-29
2.993948252803838514e-28
5.758202062932250751e-28
8.522455873060662540e-28
1.128670968318907433e-27
1.405096349331748612e-27
1.681521730344589791e-27
1.957947111357431149e-27
2.234372492370272148e-27
2.510797873383113148e-27
2.787223254395954506e-27
3.063648635408795864e-27
3.340074016421636864e-27
3.616499397434477863e-27
3.892924778447319580e-27
4.169350159460160580e-27
4.445775540473001579e-27
4.722200921485842579e-27
4.998626302498683578e-27
5.275051683511525295e-27
5.551477064524366295e-27
5.827902445537207294e-27
6.104327826550049011e-27
6.380753207562890011e-27
6.657178588575730293e-27
6.933603969588571292e-27
7.210029350601412292e-27
7.486454731614253291e-27
7.762880112627095726e-27
8.039305493639936725e-27
