5.372008307608742137e-29
7.002134966469324760e-28
1.346706910217777654e-27
1.993200323788622563e-27
2.639693737359467651e-27
3.286187150930313098e-27
3.932680564501158186e-27
4.579173978072003274e-27
5.225667391642848363e-27
5.872160805213693451e-27
6.518654218784537822e-27
7.165147632355382192e-27
7.811641045926227998e-27
8.458134459497073804e-27
9.104627873067918174e-27
9.751121286638762545e-27
1.039761470020960835e-26
1.104410811378045416e-26
1.169060152735129853e-26
1.233709494092214290e-26
1.298358835449298870e-26
1.363008176806383451e-26
1.427657518163467745e-26
1.492306859520552325e-26
1.556956200877636906e-26
1.621605542234721486e-26
1.686254883591806067e-26
1.750904224948890360e-26
1.815553566305974941e-26
1.880202907663059522e-26
