2.391787271684395579e-29
3.117570995505867072e-28
5.995963263843294782e-28
8.874355532180722492e-28
1.175274780051815020e-27
1.463114006885557791e-27
1.750953233719300562e-27
2.038792460553043154e-27
2.326631687386786104e-27
2.614470914220529055e-27
2.902310141054271646e-27
3.190149367888014238e-27
3.477988594721757547e-27
3.765827821555500498e-27
4.053667048389242730e-27
4.341506275222985681e-27
4.629345502056728631e-27
4.917184728890471582e-27
5.205023955724214532e-27
5.492863182557956765e-27
5.780702409391699715e-27
6.068541636225442666e-27
6.356380863059184899e-27
6.644220089892927849e-27
6.932059316726670082e-27
7.219898543560412315e-27
7.507737770394155983e-27
7.795576997227898216e-27
8.083416224061640449e-27
8.371255450895384116e-27
