2.988316511858492766e-29
3.895116005112104654e-28
7.491400359038359414e-28
1.108768471296461373e-27
1.468396906689086983e-27
1.828025342081712773e-27
2.187653777474338025e-27
2.547282212866963636e-27
2.906910648259589246e-27
3.266539083652214498e-27
3.626167519044840467e-27
3.985795954437465719e-27
4.345424389830090971e-27
4.705052825222716940e-27
5.064681260615342192e-27
5.424309696007968162e-27
5.783938131400593413e-27
6.143566566793218665e-27
6.503195002185843200e-27
6.862823437578469169e-27
7.222451872971095138e-27
7.582080308363719673e-27
7.941708743756345642e-27
8.301337179148971611e-27
8.660965614541596146e-27
9.020594049934222115e-27
9.380222485326848084e-27
9.739850920719474054e-27
1.009947935611209859e-26
1.045910779150472456e-26
