2.847040140056820272e-29
3.710969561867165892e-28
7.137235109728649252e-28
1.056350065759013306e-27
1.398976620545161687e-27
1.741603175331310068e-27
2.084229730117458449e-27
2.426856284903606829e-27
2.769482839689755210e-27
3.112109394475903591e-27
3.454735949262052331e-27
3.797362504048200712e-27
4.139989058834349092e-27
4.482615613620497473e-27
4.825242168406645854e-27
5.167868723192794235e-27
5.510495277978942616e-27
5.853121832765090997e-27
6.195748387551239377e-27
6.538374942337387041e-27
6.881001497123535422e-27
7.223628051909683803e-27
7.566254606695832183e-27
7.908881161481980564e-27
8.251507716268128945e-27
8.594134271054277326e-27
8.936760825840425707e-27
9.279387380626574088e-27
9.622013935412722469e-27
9.964640490198870849e-27
