3.061204659064714272e-29
3.990121934918833691e-28
7.674123403931195956e-28
1.135812487294355732e-27
1.504212634195591959e-27
1.872612781096828185e-27
2.241012927998064412e-27
2.609413074899300638e-27
2.977813221800536864e-27
3.346213368701773450e-27
3.714613515603009317e-27
4.083013662504245185e-27
4.451413809405481770e-27
4.819813956306718355e-27
5.188214103207954223e-27
5.556614250109190091e-27
5.925014397010426676e-27
6.293414543911663261e-27
6.661814690812900564e-27
7.030214837714135714e-27
7.398614984615372299e-27
7.767015131516608884e-27
8.135415278417844034e-27
8.503815425319080620e-27
8.872215572220317205e-27
9.240615719121553790e-27
9.609015866022790375e-27
9.977416012924025525e-27
1.034581615982526211e-26
1.071421630672649870e-26
