5.135107619196051946e-29
6.693347172607268274e-28
1.287318358329493124e-27
1.905301999398259331e-27
2.523285640467025538e-27
3.141269281535791745e-27
3.759252922604558670e-27
4.377236563673324518e-27
4.995220204742091084e-27
5.613203845810857649e-27
6.231187486879623498e-27
6.849171127948388629e-27
7.467154769017155912e-27
8.085138410085921760e-27
8.703122051154687608e-27
9.321105692223454892e-27
9.939089333292220740e-27
1.055707297436098659e-26
1.117505661542975387e-26
1.179304025649851972e-26
1.241102389756728557e-26
1.302900753863605429e-26
1.364699117970481870e-26
1.426497482077358598e-26
1.488295846184235327e-26
1.550094210291111768e-26
1.611892574397988496e-26
1.673690938504865225e-26
1.735489302611741666e-26
1.797287666718618394e-26
