9.324593123706916142e-29
1.215412483021108325e-27
2.337579034805147253e-27
3.459745586589186719e-27
4.581912138373225468e-27
5.704078690157264217e-27
6.826245241941305118e-27
7.948411793725343867e-27
9.070578345509382615e-27
1.019274489729342136e-26
1.131491144907746011e-26
1.243707800086150030e-26
1.355924455264553905e-26
1.468141110442957636e-26
1.580357765621361654e-26
1.692574420799765386e-26
1.804791075978169404e-26
1.917007731156573422e-26
2.029224386334977154e-26
2.141441041513381172e-26
2.253657696691784904e-26
2.365874351870188922e-26
2.478091007048592940e-26
2.590307662226996959e-26
2.702524317405401264e-26
2.814740972583804995e-26
2.926957627762208727e-26
3.039174282940612458e-26
3.151390938119016763e-26
3.263607593297420495e-26
