6.926190315774340526e-29
9.027930825388622109e-28
1.736324261919980804e-27
2.569855441301099396e-27
3.403386620682218706e-27
4.236917800063337658e-27
5.070448979444455892e-27
5.903980158825574843e-27
6.737511338206693794e-27
7.571042517587812746e-27
8.404573696968931697e-27
9.238104876350050649e-27
1.007163605573116817e-26
1.090516723511228712e-26
1.173869841449340607e-26
1.257222959387452502e-26
1.340576077325564397e-26
1.423929195263676149e-26
1.507282313201788187e-26
1.590635431139899939e-26
1.673988549078011978e-26
1.757341667016123729e-26
1.840694784954235768e-26
1.924047902892347520e-26
2.007401020830459271e-26
2.090754138768571310e-26
2.174107256706683061e-26
2.257460374644795100e-26
2.340813492582906852e-26
2.424166610521018890e-26
