2.513119365114534970e-29
3.275721103494118160e-28
6.300130270476782346e-28
9.324539437459448775e-28
1.234894860444211251e-27
1.537335777142477625e-27
1.839776693840744178e-27
2.142217610539010552e-27
2.444658527237276926e-27
2.747099443935543300e-27
3.049540360633809674e-27
3.351981277332076047e-27
3.654422194030343139e-27
3.956863110728609512e-27
4.259304027426875886e-27
4.561744944125142260e-27
4.864185860823408634e-27
5.166626777521675008e-27
5.469067694219941381e-27
5.771508610918207755e-27
6.073949527616474129e-27
6.376390444314741220e-27
6.678831361013006877e-27
6.981272277711273968e-27
7.283713194409541059e-27
7.586154111107806716e-27
7.888595027806073807e-27
8.191035944504339463e-27
8.493476861202606554e-27
8.795917777900872211e-27
