2.816157342110464382e-29
3.670715432130191968e-28
7.059815130049337050e-28
1.044891482796848393e-27
1.383801452588762901e-27
1.722711422380677409e-27
2.061621392172592096e-27
2.400531361964506425e-27
2.739441331756421113e-27
3.078351301548335800e-27
3.417261271340249770e-27
3.756171241132164458e-27
4.095081210924079145e-27
4.433991180715993833e-27
4.772901150507907803e-27
5.111811120299822490e-27
5.450721090091737178e-27
5.789631059883651866e-27
6.128541029675566553e-27
6.467450999467480523e-27
6.806360969259395211e-27
7.145270939051309898e-27
7.484180908843224586e-27
7.823090878635139273e-27
8.162000848427053961e-27
8.500910818218968648e-27
8.839820788010883336e-27
9.178730757802796588e-27
9.517640727594711276e-27
9.856550697386625963e-27
