3.447305201428396235e-29
4.493384021172185515e-28
8.642037522201531182e-28
1.279069102323087685e-27
1.693934452426022252e-27
2.108799802528956818e-27
2.523665152631891385e-27
2.938530502734825952e-27
3.353395852837760519e-27
3.768261202940694727e-27
4.183126553043629652e-27
4.597991903146564577e-27
5.012857253249498785e-27
5.427722603352432993e-27
5.842587953455367919e-27
6.257453303558302844e-27
6.672318653661237052e-27
7.087184003764171260e-27
7.502049353867105468e-27
7.916914703970041111e-27
8.331780054072975319e-27
8.746645404175909527e-27
9.161510754278845170e-27
9.576376104381779378e-27
9.991241454484713586e-27
1.040610680458764779e-26
1.082097215469058200e-26
1.123583750479351765e-26
1.165070285489645185e-26
1.206556820499938606e-26
