2.198837335582979283e-29
2.866070733966780088e-28
5.512257734375262220e-28
8.158444734783744800e-28
1.080463173519222648e-27
1.345081873560070817e-27
1.609700573600919164e-27
1.874319273641767333e-27
2.138937973682615501e-27
2.403556673723463669e-27
2.668175373764311838e-27
2.932794073805160006e-27
3.197412773846008533e-27
3.462031473886856343e-27
3.726650173927704511e-27
3.991268873968552680e-27
4.255887574009400848e-27
4.520506274050249016e-27
4.785124974091097185e-27
5.049743674131945353e-27
5.314362374172793521e-27
5.578981074213641690e-27
5.843599774254489858e-27
6.108218474295338026e-27
6.372837174336186912e-27
6.637455874377035080e-27
6.902074574417883966e-27
7.166693274458731417e-27
7.431311974499580303e-27
7.695930674540427754e-27
