9.534145871886455091e-29
1.242726599852786162e-27
2.390111740986707784e-27
3.537496882120629944e-27
4.684882023254551387e-27
5.832267164388472830e-27
6.979652305522394991e-27
8.127037446656316433e-27
9.274422587790237876e-27
1.042180772892415932e-26
1.156919287005808076e-26
1.271657801119200220e-26
1.386396315232592365e-26
1.501134829345984509e-26
1.615873343459376653e-26
1.730611857572768798e-26
1.845350371686160942e-26
1.960088885799553086e-26
2.074827399912945230e-26
2.189565914026337375e-26
2.304304428139729519e-26
2.419042942253121663e-26
2.533781456366513808e-26
2.648519970479906239e-26
2.763258484593298670e-26
2.877996998706690527e-26
2.992735512820082959e-26
3.107474026933474816e-26
3.222212541046867247e-26
3.336951055160259105e-26
