3.324911735938389106e-29
4.333850469602451652e-28
8.335209765611065066e-28
1.233656906161967669e-27
1.633792835762829010e-27
2.033928765363690531e-27
2.434064694964551693e-27
2.834200624565413214e-27
3.234336554166274017e-27
3.634472483767135538e-27
4.034608413367997058e-27
4.434744342968858579e-27
4.834880272569719383e-27
5.235016202170580903e-27
5.635152131771442424e-27
6.035288061372303227e-27
6.435423990973164748e-27
6.835559920574025551e-27
7.235695850174886355e-27
7.635831779775748593e-27
8.035967709376609396e-27
8.436103638977470200e-27
8.836239568578332438e-27
9.236375498179193241e-27
9.636511427780054044e-27
1.003664735738091628e-26
1.043678328698177709e-26
1.083691921658263789e-26
1.123705514618350013e-26
1.163719107578436093e-26
