5.157235311052191755e-29
6.722189474405959746e-28
1.292865541770669920e-27
1.913512136100744044e-27
2.534158730430818168e-27
3.154805324760892292e-27
3.775451919090966058e-27
4.396098513421040182e-27
5.016745107751114307e-27
5.637391702081188431e-27
6.258038296411262555e-27
6.878684890741335962e-27
7.499331485071410086e-27
8.119978079401484211e-27
8.740624673731558335e-27
9.361271268061632459e-27
9.981917862391706583e-27
1.060256445672178071e-26
1.122321105105185483e-26
1.184385764538192896e-26
1.246450423971200308e-26
1.308515083404207720e-26
1.370579742837214989e-26
1.432644402270222545e-26
1.494709061703229814e-26
1.556773721136237370e-26
1.618838380569244639e-26
1.680903040002252195e-26
1.742967699435259464e-26
1.805032358868267020e-26
