2.411747477459206315e-29
3.143588091308896063e-28
6.046001434871872111e-28
8.948414778434847711e-28
1.185082812199782331e-27
1.475324146556079891e-27
1.765565480912377451e-27
2.055806815268674832e-27
2.346048149624972571e-27
2.636289483981270310e-27
2.926530818337567691e-27
3.216772152693865071e-27
3.507013487050162452e-27
3.797254821406460191e-27
4.087496155762757213e-27
4.377737490119054952e-27
4.667978824475352692e-27
4.958220158831650431e-27
5.248461493187948170e-27
5.538702827544245192e-27
5.828944161900542932e-27
6.119185496256840671e-27
6.409426830613137693e-27
6.699668164969436150e-27
6.989909499325733172e-27
7.280150833682030193e-27
7.570392168038328650e-27
7.860633502394625672e-27
8.150874836750922694e-27
8.441116171107221151e-27
