2.444402971882221526e-29
3.186152839211998586e-28
6.127865381235775188e-28
9.069577923259552238e-28
1.201129046528332839e-27
1.495300300730710454e-27
1.789471554933088428e-27
2.083642809135465864e-27
2.377814063337843659e-27
2.671985317540221454e-27
2.966156571742598890e-27
3.260327825944976684e-27
3.554499080147354479e-27
3.848670334349732274e-27
4.142841588552109351e-27
4.437012842754487146e-27
4.731184096956864940e-27
5.025355351159242735e-27
5.319526605361620530e-27
5.613697859563997607e-27
5.907869113766375402e-27
6.202040367968753196e-27
6.496211622171130991e-27
6.790382876373508068e-27
7.084554130575886580e-27
7.378725384778263658e-27
7.672896638980642170e-27
7.967067893183019247e-27
8.261239147385396324e-27
8.555410401587774836e-27
