2.094887423951938346e-29
2.730577400875284977e-28
5.251666059355376007e-28
7.772754717835467037e-28
1.029384337631555807e-27
1.281493203479564999e-27
1.533602069327574013e-27
1.785710935175583026e-27
2.037819801023592219e-27
2.289928666871601411e-27
2.542037532719610604e-27
2.794146398567619438e-27
3.046255264415628631e-27
3.298364130263637465e-27
3.550472996111646657e-27
3.802581861959655850e-27
4.054690727807665043e-27
4.306799593655674235e-27
4.558908459503683428e-27
4.811017325351692621e-27
5.063126191199701813e-27
5.315235057047710289e-27
5.567343922895719481e-27
5.819452788743728674e-27
6.071561654591737867e-27
6.323670520439747059e-27
6.575779386287755535e-27
6.827888252135765445e-27
7.079997117983773920e-27
7.332105983831783830e-27
