2.952136388400271974e-29
3.847957085570009521e-28
7.400700532299992293e-28
1.095344397902997327e-27
1.450618742575995604e-27
1.805893087248993702e-27
2.161167431921991980e-27
2.516441776594990257e-27
2.871716121267988534e-27
3.226990465940986811e-27
3.582264810613985088e-27
3.937539155286983724e-27
4.292813499959981643e-27
4.648087844632980279e-27
5.003362189305978197e-27
5.358636533978976833e-27
5.713910878651974752e-27
6.069185223324972670e-27
6.424459567997971306e-27
6.779733912670969225e-27
7.135008257343966426e-27
7.490282602016965062e-27
7.845556946689963698e-27
8.200831291362962334e-27
8.556105636035959535e-27
8.911379980708958171e-27
9.266654325381956807e-27
9.621928670054954008e-27
9.977203014727952644e-27
1.033247735940095128e-26
