1.695340806787846188e-29
2.209789051606227172e-28
4.250044022533669249e-28
6.290298993461111774e-28
8.330553964388555196e-28
1.037080893531599772e-27
1.241106390624344025e-27
1.445131887717088277e-27
1.649157384809832530e-27
1.853182881902576782e-27
2.057208378995321035e-27
2.261233876088065287e-27
2.465259373180809540e-27
2.669284870273553792e-27
2.873310367366298045e-27
3.077335864459042297e-27
3.281361361551786191e-27
3.485386858644530085e-27
3.689412355737274696e-27
3.893437852830019307e-27
4.097463349922763201e-27
4.301488847015507095e-27
4.505514344108251706e-27
4.709539841200996317e-27
4.913565338293740211e-27
5.117590835386484105e-27
5.321616332479228716e-27
5.525641829571973327e-27
5.729667326664717221e-27
5.933692823757461832e-27
