3.303397584843127169e-29
4.305807886450696476e-28
8.281276014417080346e-28
1.225674414238346511e-27
1.623221227034984809e-27
2.020768039831623106e-27
2.418314852628261762e-27
2.815861665424900060e-27
3.213408478221538357e-27
3.610955291018177372e-27
4.008502103814815311e-27
4.406048916611453967e-27
4.803595729408092623e-27
5.201142542204730562e-27
5.598689355001369218e-27
5.996236167798007156e-27
6.393782980594645813e-27
6.791329793391283751e-27
7.188876606187922407e-27
7.586423418984559629e-27
7.983970231781198285e-27
8.381517044577836941e-27
8.779063857374475597e-27
9.176610670171114253e-27
9.574157482967752909e-27
9.971704295764390130e-27
1.036925110856102879e-26
1.076679792135766744e-26
1.116434473415430610e-26
1.156189154695094475e-26
