2.414471972654756028e-29
3.147139329874130112e-28
6.052831462482785126e-28
8.958523595091439691e-28
1.186421572770009336e-27
1.476990786030874703e-27
1.767559999291740428e-27
2.058129212552605795e-27
2.348698425813471162e-27
2.639267639074336529e-27
2.929836852335201896e-27
3.220406065596067621e-27
3.510975278856933706e-27
3.801544492117799073e-27
4.092113705378664439e-27
4.382682918639529806e-27
4.673252131900395173e-27
4.963821345161260540e-27
5.254390558422125907e-27
5.544959771682991274e-27
5.835528984943856641e-27
6.126098198204722725e-27
6.416667411465588092e-27
6.707236624726452741e-27
6.997805837987319543e-27
7.288375051248184910e-27
7.578944264509050277e-27
7.869513477769915644e-27
8.160082691030781010e-27
8.450651904291646377e-27
