1.823570518253630705e-28
2.376929847930594073e-27
4.571502644035825502e-27
6.766075440141056213e-27
8.960648236246287642e-27
1.115522103235151907e-26
1.334979382845674763e-26
1.554436662456197906e-26
1.773893942066721049e-26
1.993351221677244192e-26
2.212808501287767335e-26
2.432265780898290477e-26
2.651723060508813620e-26
2.871180340119336763e-26
3.090637619729859906e-26
3.310094899340383049e-26
3.529552178950906192e-26
3.749009458561429335e-26
3.968466738171952478e-26
4.187924017782475620e-26
4.407381297392998763e-26
4.626838577003521906e-26
4.846295856614045049e-26
5.065753136224568192e-26
5.285210415835090761e-26
5.504667695445614478e-26
5.724124975056137047e-26
5.943582254666660763e-26
6.163039534277183332e-26
6.382496813887707049e-26
