5.404373064025206239e-29
7.044320752419061848e-28
1.354820419843560285e-27
2.005208764445214295e-27
2.655597109046868305e-27
3.305985453648523033e-27
3.956373798250177044e-27
4.606762142851831054e-27
5.257150487453485064e-27
5.907538832055139074e-27
6.557927176656793085e-27
7.208315521258447095e-27
7.858703865860101105e-27
8.509092210461755116e-27
9.159480555063409126e-27
9.809868899665063136e-27
1.046025724426671715e-26
1.111064558886837116e-26
1.176103393347002517e-26
1.241142227807167918e-26
1.306181062267333606e-26
1.371219896727499007e-26
1.436258731187664408e-26
1.501297565647829809e-26
1.566336400107995210e-26
1.631375234568160611e-26
1.696414069028326012e-26
1.761452903488491413e-26
1.826491737948656814e-26
1.891530572408822215e-26
