3.388931960207154566e-29
4.417297520545876411e-28
8.495701845071038599e-28
1.257410616959619899e-27
1.665251049412136118e-27
2.073091481864652337e-27
2.480931914317168197e-27
2.888772346769684416e-27
3.296612779222200276e-27
3.704453211674716136e-27
4.112293644127232713e-27
4.520134076579748573e-27
4.927974509032264433e-27
5.335814941484781011e-27
5.743655373937296871e-27
6.151495806389813448e-27
6.559336238842330026e-27
6.967176671294846603e-27
7.375017103747361746e-27
7.782857536199878323e-27
8.190697968652394901e-27
8.598538401104910043e-27
9.006378833557426621e-27
9.414219266009943198e-27
9.822059698462458341e-27
1.022990013091497492e-26
1.063774056336749150e-26
1.104558099582000807e-26
1.145342142827252322e-26
1.186126186072503979e-26
