6.964863782759137783e-29
9.078339689251565560e-28
1.746019300022721768e-27
2.584204631120286800e-27
3.422389962217852191e-27
4.260575293315417583e-27
5.098760624412982256e-27
5.936945955510547647e-27
6.775131286608113039e-27
7.613316617705678430e-27
8.451501948803243821e-27
9.289687279900809212e-27
1.012787261099837317e-26
1.096605794209593856e-26
1.180424327319350395e-26
1.264242860429106934e-26
1.348061393538863473e-26
1.431879926648620012e-26
1.515698459758376552e-26
1.599516992868133091e-26
1.683335525977889630e-26
1.767154059087646169e-26
1.850972592197402708e-26
1.934791125307159247e-26
2.018609658416915499e-26
2.102428191526672038e-26
2.186246724636428577e-26
2.270065257746185117e-26
2.353883790855941656e-26
2.437702323965698195e-26
