3.152544900023451975e-29
4.109179214513327243e-28
7.903103939024309288e-28
1.169702866353529313e-27
1.549095338804627428e-27
1.928487811255725542e-27
2.307880283706824016e-27
2.687272756157922131e-27
3.066665228609020246e-27
3.446057701060118719e-27
3.825450173511216475e-27
4.204842645962314949e-27
4.584235118413413422e-27
4.963627590864511179e-27
5.343020063315609652e-27
5.722412535766707408e-27
6.101805008217805882e-27
6.481197480668904355e-27
6.860589953120002112e-27
7.239982425571099868e-27
7.619374898022197624e-27
7.998767370473296815e-27
8.378159842924394571e-27
8.757552315375492327e-27
9.136944787826591518e-27
9.516337260277689274e-27
9.895729732728787030e-27
1.027512220517988479e-26
1.065451467763098398e-26
1.103390715008208173e-26
