3.903779261204459567e-29
5.088374347363054016e-28
9.786370768605661964e-28
1.448436718984826901e-27
1.918236361109087786e-27
2.388036003233348670e-27
2.857835645357609196e-27
3.327635287481870081e-27
3.797434929606130965e-27
4.267234571730391849e-27
4.737034213854652734e-27
5.206833855978913618e-27
5.676633498103173785e-27
6.146433140227434670e-27
6.616232782351694837e-27
7.086032424475955721e-27
7.555832066600216606e-27
8.025631708724477490e-27
8.495431350848738374e-27
8.965230992972999259e-27
9.435030635097260143e-27
9.904830277221521028e-27
1.037462991934578191e-26
1.084442956147004280e-26
1.131422920359430225e-26
1.178402884571856313e-26
1.225382848784282402e-26
1.272362812996708490e-26
1.319342777209134722e-26
1.366322741421560810e-26
