3.408832208492890819e-29
4.443236464863146763e-28
8.545589708877004333e-28
1.264794295289086190e-27
1.675029619690471768e-27
2.085264944091857525e-27
2.495500268493243282e-27
2.905735592894629039e-27
3.315970917296014795e-27
3.726206241697400552e-27
4.136441566098786309e-27
4.546676890500172066e-27
4.956912214901557823e-27
5.367147539302943580e-27
5.777382863704329337e-27
6.187618188105715094e-27
6.597853512507100851e-27
7.008088836908487325e-27
7.418324161309872365e-27
7.828559485711257404e-27
8.238794810112643879e-27
8.649030134514030353e-27
9.059265458915415392e-27
9.469500783316800432e-27
9.879736107718186906e-27
1.028997143211957338e-26
1.070020675652095842e-26
1.111044208092234346e-26
1.152067740532372993e-26
1.193091272972511641e-26
