1.788195812475355747e-29
2.330820748674774064e-28
4.482821916102012357e-28
6.634823083529250650e-28
8.786824250956488943e-28
1.093882541838372724e-27
1.309082658581096553e-27
1.524282775323820382e-27
1.739482892066544032e-27
1.954683008809267862e-27
2.169883125551991691e-27
2.385083242294715520e-27
2.600283359037439349e-27
2.815483475780163179e-27
3.030683592522887008e-27
3.245883709265610837e-27
3.461083826008335025e-27
3.676283942751059214e-27
3.891484059493782684e-27
4.106684176236506155e-27
4.321884292979230343e-27
4.537084409721954531e-27
4.752284526464678001e-27
4.967484643207401472e-27
5.182684759950125660e-27
5.397884876692849848e-27
5.613084993435573319e-27
5.828285110178296789e-27
6.043485226921020977e-27
6.258685343663745165e-27
