3.158128732651873726e-29
4.116457451525545761e-28
7.917102029785904487e-28
1.171774660804626501e-27
1.551839118630662283e-27
1.931903576456698066e-27
2.311968034282734208e-27
2.692032492108769991e-27
3.072096949934805773e-27
3.452161407760841198e-27
3.832225865586876980e-27
4.212290323412912763e-27
4.592354781238949264e-27
4.972419239064985046e-27
5.352483696891020829e-27
5.732548154717056612e-27
6.112612612543092395e-27
6.492677070369128895e-27
6.872741528195163961e-27
7.252805986021200461e-27
7.632870443847235526e-27
8.012934901673272026e-27
8.392999359499307092e-27
8.773063817325343592e-27
9.153128275151380092e-27
9.533192732977415158e-27
9.913257190803451658e-27
1.029332164862948672e-26
1.067338610645552322e-26
1.105345056428155829e-26
