3.099691123874196339e-29
4.040287051118780743e-28
7.770604989850141293e-28
1.150092292858150364e-27
1.523124086731286418e-27
1.896155880604422473e-27
2.269187674477558708e-27
2.642219468350694583e-27
3.015251262223830817e-27
3.388283056096967052e-27
3.761314849970102927e-27
4.134346643843238803e-27
4.507378437716375396e-27
4.880410231589511271e-27
5.253442025462647147e-27
5.626473819335783740e-27
5.999505613208919615e-27
6.372537407082055491e-27
6.745569200955191366e-27
7.118600994828326525e-27
7.491632788701463118e-27
7.864664582574599711e-27
8.237696376447734869e-27
8.610728170320871462e-27
8.983759964194008055e-27
9.356791758067143213e-27
9.729823551940279806e-27
1.010285534581341640e-26
1.047588713968655156e-26
1.084891893355968815e-26
