3.741247927952397108e-29
4.876523161262089586e-28
9.378921529728940639e-28
1.388131989819579169e-27
1.838371826666263916e-27
2.288611663512948842e-27
2.738851500359634126e-27
3.189091337206319052e-27
3.639331174053003978e-27
4.089571010899688904e-27
4.539810847746373830e-27
4.990050684593058756e-27
5.440290521439744399e-27
5.890530358286429325e-27
6.340770195133114251e-27
6.791010031979799894e-27
7.241249868826484820e-27
7.691489705673169746e-27
8.141729542519854672e-27
8.591969379366539598e-27
9.042209216213224524e-27
9.492449053059909450e-27
9.942688889906594375e-27
1.039292872675327930e-26
1.084316856359996566e-26
1.129340840044665059e-26
1.174364823729333551e-26
1.219388807414002044e-26
1.264412791098670537e-26
1.309436774783339029e-26
