1.647084806712496408e-29
2.146889851508012399e-28
4.129071222344775353e-28
6.111252593181537859e-28
8.093433964018301262e-28
1.007561533485506287e-27
1.205779670569182627e-27
1.403997807652858788e-27
1.602215944736535128e-27
1.800434081820211289e-27
1.998652218903887630e-27
2.196870355987563970e-27
2.395088493071240310e-27
2.593306630154916650e-27
2.791524767238592632e-27
2.989742904322268972e-27
3.187961041405945313e-27
3.386179178489621653e-27
3.584397315573297993e-27
3.782615452656974333e-27
3.980833589740650674e-27
4.179051726824327014e-27
4.377269863908003354e-27
4.575488000991679694e-27
4.773706138075356035e-27
4.971924275159032375e-27
5.170142412242708715e-27
5.368360549326384338e-27
5.566578686410060678e-27
5.764796823493737019e-27
