1.928351361331980281e-29
2.513506257184442784e-28
4.834177378235688212e-28
7.154848499286932744e-28
9.475519620338177275e-28
1.179619074138942270e-27
1.411686186244066634e-27
1.643753298349191177e-27
1.875820410454315720e-27
2.107887522559440262e-27
2.339954634664564805e-27
2.572021746769689348e-27
2.804088858874813532e-27
3.036155970979938075e-27
3.268223083085062618e-27
3.500290195190187519e-27
3.732357307295311704e-27
3.964424419400435888e-27
4.196491531505560789e-27
4.428558643610684973e-27
4.660625755715809875e-27
4.892692867820934059e-27
5.124759979926058961e-27
5.356827092031183145e-27
5.588894204136307329e-27
5.820961316241432230e-27
6.053028428346556414e-27
6.285095540451681316e-27
6.517162652556805500e-27
6.749229764661930402e-27
