2.544485962160165114e-29
3.316605840332904385e-28
6.378763084449791699e-28
9.440920328566680806e-28
1.250307757268356812e-27
1.556523481680045543e-27
1.862739206091734454e-27
2.168954930503423185e-27
2.475170654915111917e-27
2.781386379326800648e-27
3.087602103738489379e-27
3.393817828150178111e-27
3.700033552561866842e-27
4.006249276973555573e-27
4.312465001385244305e-27
4.618680725796933036e-27
4.924896450208621767e-27
5.231112174620310499e-27
5.537327899031999230e-27
5.843543623443687961e-27
6.149759347855376693e-27
6.455975072267065424e-27
6.762190796678755590e-27
7.068406521090444321e-27
7.374622245502133053e-27
7.680837969913821784e-27
7.987053694325510515e-27
8.293269418737199247e-27
8.599485143148887978e-27
8.905700867560576709e-27
