1.662545366480814930e-29
2.167041891481889637e-28
4.167829246315697641e-28
6.168616601149506093e-28
8.169403955983313648e-28
1.017019131081712210e-27
1.217097866565093055e-27
1.417176602048473900e-27
1.617255337531854566e-27
1.817334073015235591e-27
2.017412808498616257e-27
2.217491543981997281e-27
2.417570279465377947e-27
2.617649014948758972e-27
2.817727750432139638e-27
3.017806485915520662e-27
3.217885221398901328e-27
3.417963956882281994e-27
3.618042692365663019e-27
3.818121427849044043e-27
4.018200163332424350e-27
4.218278898815805375e-27
4.418357634299186399e-27
4.618436369782567424e-27
4.818515105265947731e-27
5.018593840749328756e-27
5.218672576232709780e-27
5.418751311716090087e-27
5.618830047199471112e-27
5.818908782682852137e-27
