1.358562665391727719e-29
1.770816163855424270e-28
3.405776061171675489e-28
5.040735958487927155e-28
6.675695855804178822e-28
8.310655753120429592e-28
9.945615650436681259e-28
1.158057554775293293e-27
1.321553544506918459e-27
1.485049534238543626e-27
1.648545523970168613e-27
1.812041513701793780e-27
1.975537503433418946e-27
2.139033493165044113e-27
2.302529482896669280e-27
2.466025472628294446e-27
2.629521462359919613e-27
2.793017452091544780e-27
2.956513441823169946e-27
3.120009431554795113e-27
3.283505421286419921e-27
3.447001411018045447e-27
3.610497400749670254e-27
3.773993390481295780e-27
3.937489380212920588e-27
4.100985369944546113e-27
4.264481359676170921e-27
4.427977349407796447e-27
4.591473339139421254e-27
4.754969328871046780e-27
