1.719841190296468819e-29
2.241724034248500692e-28
4.311463949467354362e-28
6.381203864686207584e-28
8.450943779905061703e-28
1.052068369512391582e-27
1.259042361034276815e-27
1.466016352556162226e-27
1.672990344078047638e-27
1.879964335599932871e-27
2.086938327121818462e-27
2.293912318643703695e-27
2.500886310165588927e-27
2.707860301687474518e-27
2.914834293209359751e-27
3.121808284731245342e-27
3.328782276253130574e-27
3.535756267775015807e-27
3.742730259296901039e-27
3.949704250818786989e-27
4.156678242340672222e-27
4.363652233862557454e-27
4.570626225384442687e-27
4.777600216906327919e-27
4.984574208428213152e-27
5.191548199950099102e-27
5.398522191471984334e-27
5.605496182993869567e-27
5.812470174515754799e-27
6.019444166037640749e-27
