2.108837645922493197e-29
2.748760793650698072e-28
5.286637822709146207e-28
7.824514851767594791e-28
1.036239188082604427e-27
1.290026890988449286e-27
1.543814593894294144e-27
1.797602296800139002e-27
2.051389999705983681e-27
2.305177702611828360e-27
2.558965405517673398e-27
2.812753108423518436e-27
3.066540811329363115e-27
3.320328514235208153e-27
3.574116217141053549e-27
3.827903920046898228e-27
4.081691622952742907e-27
4.335479325858587586e-27
4.589267028764432265e-27
4.843054731670277662e-27
5.096842434576122341e-27
5.350630137481967020e-27
5.604417840387812416e-27
5.858205543293657095e-27
6.111993246199501774e-27
6.365780949105346453e-27
6.619568652011191132e-27
6.873356354917036529e-27
7.127144057822881925e-27
7.380931760728725887e-27
