2.870125250544586986e-29
3.741059809330530655e-28
7.195107093606603059e-28
1.064915437788267367e-27
1.410320166215874607e-27
1.755724894643481848e-27
2.101129623071089088e-27
2.446534351498696329e-27
2.791939079926303569e-27
3.137343808353910810e-27
3.482748536781517691e-27
3.828153265209125291e-27
4.173557993636732172e-27
4.518962722064339771e-27
4.864367450491946653e-27
5.209772178919554252e-27
5.555176907347161134e-27
5.900581635774768016e-27
6.245986364202375615e-27
6.591391092629982497e-27
6.936795821057588661e-27
7.282200549485196260e-27
7.627605277912803859e-27
7.973010006340411458e-27
8.318414734768017623e-27
8.663819463195625222e-27
9.009224191623232821e-27
9.354628920050838985e-27
9.700033648478446584e-27
1.004543837690605418e-26
