1.759375537161456524e-29
2.293255010507002064e-28
4.410572467297858419e-28
6.527889924088714775e-28
8.645207380879571130e-28
1.076252483767042749e-27
1.287984229446128384e-27
1.499715975125214020e-27
1.711447720804299655e-27
1.923179466483385291e-27
2.134911212162470926e-27
2.346642957841556562e-27
2.558374703520642197e-27
2.770106449199727833e-27
2.981838194878813468e-27
3.193569940557899104e-27
3.405301686236984381e-27
3.617033431916070016e-27
3.828765177595155652e-27
4.040496923274241287e-27
4.252228668953326923e-27
4.463960414632412559e-27
4.675692160311498194e-27
4.887423905990583830e-27
5.099155651669669465e-27
5.310887397348755101e-27
5.522619143027840736e-27
5.734350888706926372e-27
5.946082634386012007e-27
6.157814380065097643e-27
