2.514320910655066527e-29
3.277287255957293752e-28
6.303142420849081384e-28
9.328997585740868120e-28
1.235485275063265486e-27
1.538070791552444159e-27
1.840656308041623012e-27
2.143241824530801685e-27
2.445827341019980359e-27
2.748412857509159033e-27
3.050998373998337706e-27
3.353583890487516738e-27
3.656169406976695412e-27
3.958754923465874085e-27
4.261340439955052759e-27
4.563925956444231432e-27
4.866511472933410106e-27
5.169096989422588779e-27
5.471682505911767453e-27
5.774268022400946127e-27
6.076853538890124800e-27
6.379439055379303474e-27
6.682024571868482865e-27
6.984610088357660821e-27
7.287195604846840212e-27
7.589781121336018168e-27
7.892366637825197559e-27
8.194952154314375515e-27
8.497537670803554906e-27
8.800123187292732862e-27
