1.600352347104294107e-29
2.085976507604907553e-28
4.011917780499385247e-28
5.937859053393863837e-28
7.863800326288341531e-28
9.789741599182819225e-28
1.171568287207729692e-27
1.364162414497177461e-27
1.556756541786625231e-27
1.749350669076073000e-27
1.941944796365520949e-27
2.134538923654968539e-27
2.327133050944416488e-27
2.519727178233864078e-27
2.712321305523312026e-27
2.904915432812759616e-27
3.097509560102207565e-27
3.290103687391655514e-27
3.482697814681103104e-27
3.675291941970550694e-27
3.867886069259999001e-27
4.060480196549446591e-27
4.253074323838894181e-27
4.445668451128341771e-27
4.638262578417790079e-27
4.830856705707237669e-27
5.023450832996685259e-27
5.216044960286133566e-27
5.408639087575581156e-27
5.601233214865028746e-27
