2.162918404324223760e-29
2.819252264946746445e-28
5.422212689461071186e-28
8.025173113975395928e-28
1.062813353848971888e-27
1.323109396300404272e-27
1.583405438751836836e-27
1.843701481203269400e-27
2.103997523654701784e-27
2.364293566106134169e-27
2.624589608557566553e-27
2.884885651008998938e-27
3.145181693460431681e-27
3.405477735911863348e-27
3.665773778363296091e-27
3.926069820814728117e-27
4.186365863266160860e-27
4.446661905717593603e-27
4.706957948169025629e-27
4.967253990620458372e-27
5.227550033071890398e-27
5.487846075523323141e-27
5.748142117974755167e-27
6.008438160426187910e-27
6.268734202877620653e-27
6.529030245329053396e-27
6.789326287780485422e-27
7.049622330231918883e-27
7.309918372683350909e-27
7.570214415134782934e-27
