1.840345908790309973e-29
2.398795701802541778e-28
4.613556812726052474e-28
6.828317923649562721e-28
9.043079034573072969e-28
1.125784014549658411e-27
1.347260125642009346e-27
1.568736236734360461e-27
1.790212347826711755e-27
2.011688458919062869e-27
2.233164570011413984e-27
2.454640681103765098e-27
2.676116792196115854e-27
2.897592903288466968e-27
3.119069014380818083e-27
3.340545125473169197e-27
3.562021236565520312e-27
3.783497347657871426e-27
4.004973458750222541e-27
4.226449569842573655e-27
4.447925680934924769e-27
4.669401792027275884e-27
4.890877903119626998e-27
5.112354014211978113e-27
5.333830125304328510e-27
5.555306236396679624e-27
5.776782347489030739e-27
5.998258458581381853e-27
6.219734569673732968e-27
6.441210680766084799e-27
