1.786447635035038361e-29
2.328542089804291197e-28
4.478439416105078643e-28
6.628336742405865640e-28
8.778234068706653534e-28
1.092813139500744143e-27
1.307802872130822753e-27
1.522792604760901542e-27
1.737782337390980511e-27
1.952772070021059121e-27
2.167761802651138090e-27
2.382751535281216700e-27
2.597741267911295310e-27
2.812731000541374278e-27
3.027720733171452888e-27
3.242710465801531857e-27
3.457700198431610108e-27
3.672689931061689077e-27
3.887679663691767329e-27
4.102669396321846297e-27
4.317659128951925266e-27
4.532648861582003517e-27
4.747638594212082486e-27
4.962628326842161455e-27
5.177618059472239706e-27
5.392607792102318675e-27
5.607597524732397644e-27
5.822587257362476612e-27
6.037576989992554864e-27
6.252566722622633832e-27
