1.710027774283709821e-29
2.228932754066352106e-28
4.286862730704333454e-28
6.344792707342314802e-28
8.402722683980297047e-28
1.046065266061827750e-27
1.251858263725625974e-27
1.457651261389424199e-27
1.663444259053222065e-27
1.869237256717020110e-27
2.075030254380818155e-27
2.280823252044616559e-27
2.486616249708414604e-27
2.692409247372212649e-27
2.898202245036011053e-27
3.103995242699809098e-27
3.309788240363607502e-27
3.515581238027405905e-27
3.721374235691203592e-27
3.927167233355001996e-27
4.132960231018799682e-27
4.338753228682598086e-27
4.544546226346396490e-27
4.750339224010194176e-27
4.956132221673992580e-27
5.161925219337790984e-27
5.367718217001588670e-27
5.573511214665387074e-27
5.779304212329185478e-27
5.985097209992983882e-27
