2.490067720223839387e-29
3.245674476705555963e-28
6.242342181388727456e-28
9.239009886071899845e-28
1.223567759075507223e-27
1.523234529543824462e-27
1.822901300012141343e-27
2.122568070480458581e-27
2.422234840948775820e-27
2.721901611417093059e-27
3.021568381885410298e-27
3.321235152353727896e-27
3.620901922822044776e-27
3.920568693290362374e-27
4.220235463758679254e-27
4.519902234226996851e-27
4.819569004695313732e-27
5.119235775163630612e-27
5.418902545631948209e-27
5.718569316100265090e-27
6.018236086568582687e-27
6.317902857036899567e-27
6.617569627505217165e-27
6.917236397973534763e-27
7.216903168441850925e-27
7.516569938910168523e-27
7.816236709378486121e-27
8.115903479846802283e-27
8.415570250315119881e-27
8.715237020783437479e-27
