1.728918850786886299e-29
2.253556295163596751e-28
4.334220705248505490e-28
6.414885115333414228e-28
8.495549525418322069e-28
1.057621393550322991e-27
1.265687834558813955e-27
1.473754275567304739e-27
1.681820716575795343e-27
1.889887157584286128e-27
2.097953598592776912e-27
2.306020039601267696e-27
2.514086480609758839e-27
2.722152921618249623e-27
2.930219362626740407e-27
3.138285803635231191e-27
3.346352244643721975e-27
3.554418685652212759e-27
3.762485126660703543e-27
3.970551567669194328e-27
4.178618008677685112e-27
4.386684449686175896e-27
4.594750890694666680e-27
4.802817331703157464e-27
5.010883772711648966e-27
5.218950213720139750e-27
5.427016654728630534e-27
5.635083095737121318e-27
5.843149536745612102e-27
6.051215977754102169e-27
