1.421315493337382033e-29
1.852611229246656030e-28
3.563090909159573884e-28
5.273570589072491738e-28
6.984050268985409593e-28
8.694529948898327447e-28
1.040500962881124530e-27
1.211548930872416316e-27
1.382596898863708101e-27
1.553644866854999886e-27
1.724692834846291672e-27
1.895740802837583278e-27
2.066788770828875243e-27
2.237836738820167208e-27
2.408884706811458814e-27
2.579932674802750420e-27
2.750980642794042384e-27
2.922028610785334349e-27
3.093076578776625955e-27
3.264124546767917920e-27
3.435172514759209885e-27
3.606220482750501850e-27
3.777268450741793097e-27
3.948316418733085062e-27
4.119364386724377027e-27
4.290412354715668992e-27
4.461460322706960956e-27
4.632508290698252204e-27
4.803556258689544168e-27
4.974604226680836133e-27
