5.185289723623448454e-29
6.758756950102288109e-28
1.299898492784223227e-27
1.923921290558217464e-27
2.547944088332211700e-27
3.171966886106205937e-27
3.795989683880200891e-27
4.420012481654195128e-27
5.044035279428189364e-27
5.668058077202183601e-27
6.292080874976177838e-27
6.916103672750171357e-27
7.540126470524166311e-27
8.164149268298159830e-27
8.788172066072154784e-27
9.412194863846148304e-27
1.003621766162014326e-26
1.066024045939413821e-26
1.128426325716813173e-26
1.190828605494212669e-26
1.253230885271612020e-26
1.315633165049011372e-26
1.378035444826410868e-26
1.440437724603810363e-26
1.502840004381209859e-26
1.565242284158609354e-26
1.627644563936008562e-26
1.690046843713408058e-26
1.752449123490807553e-26
1.814851403268207049e-26
