1.703585104067512945e-29
2.220535066681103232e-28
4.270711622955454638e-28
6.320888179229806492e-28
8.371064735504159242e-28
1.042124129177851020e-27
1.247141784805286295e-27
1.452159440432721570e-27
1.657177096060156486e-27
1.862194751687591582e-27
2.067212407315026678e-27
2.272230062942462132e-27
2.477247718569897228e-27
2.682265374197332324e-27
2.887283029824767778e-27
3.092300685452202874e-27
3.297318341079638328e-27
3.502335996707073783e-27
3.707353652334508520e-27
3.912371307961943974e-27
4.117388963589378711e-27
4.322406619216814165e-27
4.527424274844249620e-27
4.732441930471684357e-27
4.937459586099119811e-27
5.142477241726555266e-27
5.347494897353990003e-27
5.552512552981425457e-27
5.757530208608860912e-27
5.962547864236295649e-27
