1.862171495409273384e-29
2.427244225050708014e-28
4.668271300560489334e-28
6.909298376070269757e-28
9.150325451580050180e-28
1.139135252708983150e-27
1.363237960259961103e-27
1.587340667810939235e-27
1.811443375361917367e-27
2.035546082912895319e-27
2.259648790463873631e-27
2.483751498014851583e-27
2.707854205565829536e-27
2.931956913116807847e-27
3.156059620667785800e-27
3.380162328218764470e-27
3.604265035769742423e-27
3.828367743320720375e-27
4.052470450871698328e-27
4.276573158422676998e-27
4.500675865973654951e-27
4.724778573524632903e-27
4.948881281075610856e-27
5.172983988626588808e-27
5.397086696177566761e-27
5.621189403728545431e-27
5.845292111279523384e-27
6.069394818830501336e-27
6.293497526381479289e-27
6.517600233932456524e-27
