3.215398859055240570e-29
4.191106099044416431e-28
8.060672312183308805e-28
1.193023852532220208e-27
1.579980473846109266e-27
1.966937095159998324e-27
2.353893716473887740e-27
2.740850337787777157e-27
3.127806959101666215e-27
3.514763580415555273e-27
3.901720201729444331e-27
4.288676823043334107e-27
4.675633444357223165e-27
5.062590065671112223e-27
5.449546686985001999e-27
5.836503308298891057e-27
6.223459929612780115e-27
6.610416550926669173e-27
6.997373172240558231e-27
7.384329793554447289e-27
7.771286414868336347e-27
8.158243036182226840e-27
8.545199657496115898e-27
8.932156278810004956e-27
9.319112900123894014e-27
9.706069521437783072e-27
1.009302614275167213e-26
1.047998276406556119e-26
1.086693938537945168e-26
1.125389600669334074e-26
