1.695248106924919132e-29
2.209668222129722165e-28
4.249811633566952501e-28
6.289955045004182837e-28
8.330098456441413173e-28
1.037024186787864441e-27
1.241038527931587385e-27
1.445052869075310328e-27
1.649067210219033452e-27
1.853081551362756575e-27
2.057095892506479698e-27
2.261110233650202463e-27
2.465124574793925586e-27
2.669138915937648709e-27
2.873153257081371474e-27
3.077167598225094597e-27
3.281181939368817721e-27
3.485196280512540844e-27
3.689210621656263967e-27
3.893224962799987090e-27
4.097239303943710214e-27
4.301253645087432619e-27
4.505267986231155743e-27
4.709282327374878866e-27
4.913296668518601989e-27
5.117311009662325113e-27
5.321325350806048236e-27
5.525339691949771359e-27
5.729354033093493765e-27
5.933368374237216888e-27
