1.672922649003275968e-29
2.180568142493925107e-28
4.193844020087522338e-28
6.207119897681120465e-28
8.220395775274717695e-28
1.023367165286831403e-27
1.224694753046191216e-27
1.426022340805550849e-27
1.627349928564910841e-27
1.828677516324270295e-27
2.030005104083630108e-27
2.231332691842989920e-27
2.432660279602349733e-27
2.633987867361709546e-27
2.835315455121069000e-27
3.036643042880428813e-27
3.237970630639788625e-27
3.439298218399148797e-27
3.640625806158508251e-27
3.841953393917868422e-27
4.043280981677227876e-27
4.244608569436588048e-27
4.445936157195947502e-27
4.647263744955306955e-27
4.848591332714667127e-27
5.049918920474026581e-27
5.251246508233386752e-27
5.452574095992746206e-27
5.653901683752105660e-27
5.855229271511465832e-27
