2.452734365655785512e-29
3.197012380061678657e-28
6.148751323557779267e-28
9.100490267053878083e-28
1.205222921054997869e-27
1.500396815404607930e-27
1.795570709754217991e-27
2.090744604103828232e-27
2.385918498453438113e-27
2.681092392803047995e-27
2.976266287152658235e-27
3.271440181502268476e-27
3.566614075851877999e-27
3.861787970201488239e-27
4.156961864551098479e-27
4.452135758900708002e-27
4.747309653250318242e-27
5.042483547599928483e-27
5.337657441949538006e-27
5.632831336299148246e-27
5.928005230648758486e-27
6.223179124998368009e-27
6.518353019347978967e-27
6.813526913697588490e-27
7.108700808047198013e-27
7.403874702396808971e-27
7.699048596746418494e-27
7.994222491096028017e-27
8.289396385445638974e-27
8.584570279795248497e-27
