2.150719421020960651e-29
2.803351521192837980e-28
5.391631100283580567e-28
7.979910679374323154e-28
1.056819025846506395e-27
1.315646983755580564e-27
1.574474941664654912e-27
1.833302899573729261e-27
2.092130857482803430e-27
2.350958815391877599e-27
2.609786773300951768e-27
2.868614731210025937e-27
3.127442689119100465e-27
3.386270647028174634e-27
3.645098604937248803e-27
3.903926562846322972e-27
4.162754520755397141e-27
4.421582478664471310e-27
4.680410436573545479e-27
4.939238394482619648e-27
5.198066352391693817e-27
5.456894310300767986e-27
5.715722268209842155e-27
5.974550226118916324e-27
6.233378184027991211e-27
6.492206141937064662e-27
6.751034099846138831e-27
7.009862057755213000e-27
7.268690015664287169e-27
7.527517973573361338e-27
