1.627063034408783737e-29
2.120792506919035308e-28
4.078878710397192018e-28
6.036964913875349625e-28
7.995051117353506335e-28
9.953137320831663941e-28
1.191122352430982065e-27
1.386930972778797736e-27
1.582739593126613407e-27
1.778548213474429257e-27
1.974356833822244928e-27
2.170165454170060599e-27
2.365974074517876270e-27
2.561782694865691941e-27
2.757591315213507612e-27
2.953399935561323283e-27
3.149208555909138954e-27
3.345017176256954267e-27
3.540825796604770296e-27
3.736634416952585609e-27
3.932443037300401638e-27
4.128251657648216951e-27
4.324060277996032980e-27
4.519868898343848293e-27
4.715677518691664322e-27
4.911486139039479635e-27
5.107294759387295664e-27
5.303103379735110977e-27
5.498912000082927006e-27
5.694720620430742319e-27
