1.649641780053566683e-29
2.150222734000855609e-28
4.135481289996354046e-28
6.120739845991852931e-28
8.105998401987352713e-28
1.009125695798285249e-27
1.207651551397835048e-27
1.406177406997384847e-27
1.604703262596934825e-27
1.803229118196484624e-27
2.001754973796034602e-27
2.200280829395584222e-27
2.398806684995134200e-27
2.597332540594684178e-27
2.795858396194233797e-27
2.994384251793783776e-27
3.192910107393333754e-27
3.391435962992883732e-27
3.589961818592434069e-27
3.788487674191983688e-27
3.987013529791534025e-27
4.185539385391083645e-27
4.384065240990633264e-27
4.582591096590183601e-27
4.781116952189733221e-27
4.979642807789282840e-27
5.178168663388833177e-27
5.376694518988382796e-27
5.575220374587932416e-27
5.773746230187482753e-27
