1.758489629107348292e-29
2.292100275181302421e-28
4.408351587451869985e-28
6.524602899722437101e-28
8.640854211993005113e-28
1.075710552426357313e-27
1.287335683653413934e-27
1.498960814880470736e-27
1.710585946107527537e-27
1.922211077334584338e-27
2.133836208561641139e-27
2.345461339788697941e-27
2.557086471015754383e-27
2.768711602242811184e-27
2.980336733469867986e-27
3.191961864696924787e-27
3.403586995923981229e-27
3.615212127151037672e-27
3.826837258378094832e-27
4.038462389605151274e-27
4.250087520832208434e-27
4.461712652059264877e-27
4.673337783286322037e-27
4.884962914513378479e-27
5.096588045740434922e-27
5.308213176967492082e-27
5.519838308194548524e-27
5.731463439421605684e-27
5.943088570648662127e-27
6.154713701875718569e-27
