2.506008804600151998e-29
3.266452855651232688e-28
6.282304830842450652e-28
9.298156806033668168e-28
1.231400878122488568e-27
1.532986075641610320e-27
1.834571273160732072e-27
2.136156470679853823e-27
2.437741668198975575e-27
2.739326865718097326e-27
3.040912063237219078e-27
3.342497260756340830e-27
3.644082458275462581e-27
3.945667655794584333e-27
4.247252853313706084e-27
4.548838050832827836e-27
4.850423248351949588e-27
5.152008445871071339e-27
5.453593643390193091e-27
5.755178840909314842e-27
6.056764038428436594e-27
6.358349235947558346e-27
6.659934433466680097e-27
6.961519630985801849e-27
7.263104828504923600e-27
7.564690026024045352e-27
7.866275223543167103e-27
8.167860421062288855e-27
8.469445618581410607e-27
8.771030816100532358e-27
