3.003359265268876154e-29
3.914723456109086617e-28
7.529110985691286292e-28
1.114349851527348417e-27
1.475788604485568385e-27
1.837227357443788173e-27
2.198666110402008140e-27
2.560104863360228108e-27
2.921543616318448075e-27
3.282982369276668042e-27
3.644421122234888010e-27
4.005859875193107977e-27
4.367298628151327945e-27
4.728737381109547912e-27
5.090176134067767880e-27
5.451614887025987847e-27
5.813053639984207815e-27
6.174492392942427782e-27
6.535931145900646314e-27
6.897369898858866999e-27
7.258808651817086249e-27
7.620247404775306934e-27
7.981686157733526184e-27
8.343124910691746869e-27
8.704563663649966119e-27
9.066002416608186804e-27
9.427441169566406054e-27
9.788879922524626739e-27
1.015031867548284599e-26
1.051175742844106667e-26
