2.719193421429945417e-29
3.544327976898342550e-28
6.816736611653691063e-28
1.008914524640903913e-27
1.336155388116438719e-27
1.663396251591973346e-27
1.990637115067508153e-27
2.317877978543042959e-27
2.645118842018577765e-27
2.972359705494112572e-27
3.299600568969647737e-27
3.626841432445182902e-27
3.954082295920717350e-27
4.281323159396251798e-27
4.608564022871786963e-27
4.935804886347322128e-27
5.263045749822856576e-27
5.590286613298391023e-27
5.917527476773926189e-27
6.244768340249461354e-27
6.572009203724995084e-27
6.899250067200529532e-27
7.226490930676065414e-27
7.553731794151599862e-27
7.880972657627134310e-27
8.208213521102668757e-27
8.535454384578203205e-27
8.862695248053739088e-27
9.189936111529273535e-27
9.517176975004807983e-27
