1.890197570675435885e-29
2.463774764535567790e-28
4.738529772003591431e-28
7.013284779471615072e-28
9.288039786939639610e-28
1.156279479440766415e-27
1.383754980187568689e-27
1.611230480934371143e-27
1.838705981681173597e-27
2.066181482427975871e-27
2.293656983174778504e-27
2.521132483921580779e-27
2.748607984668383053e-27
2.976083485415185686e-27
3.203558986161987961e-27
3.431034486908790594e-27
3.658509987655593227e-27
3.885985488402395860e-27
4.113460989149197776e-27
4.340936489896000409e-27
4.568411990642803042e-27
4.795887491389604958e-27
5.023362992136407591e-27
5.250838492883210224e-27
5.478313993630012140e-27
5.705789494376814773e-27
5.933264995123617406e-27
6.160740495870420039e-27
6.388215996617221955e-27
6.615691497364024588e-27
