2.236037723622759850e-29
2.914559515618631718e-28
5.605515258874987478e-28
8.296471002131344135e-28
1.098742674538769900e-27
1.367838248864405386e-27
1.636933823190041231e-27
1.906029397515676718e-27
2.175124971841312204e-27
2.444220546166947690e-27
2.713316120492583177e-27
2.982411694818219022e-27
3.251507269143854508e-27
3.520602843469490712e-27
3.789698417795126199e-27
4.058793992120761685e-27
4.327889566446397171e-27
4.596985140772032658e-27
4.866080715097668144e-27
5.135176289423303630e-27
5.404271863748939117e-27
5.673367438074575321e-27
5.942463012400210807e-27
6.211558586725846293e-27
6.480654161051481780e-27
6.749749735377117266e-27
7.018845309702752752e-27
7.287940884028388239e-27
7.557036458354023725e-27
7.826132032679659212e-27
