1.979936606452595047e-29
2.580744955996830407e-28
4.963496251348401870e-28
7.346247546699973333e-28
9.728998842051543899e-28
1.211175013740311446e-27
1.449450143275468682e-27
1.687725272810625560e-27
1.926000402345782616e-27
2.164275531880939673e-27
2.402550661416096730e-27
2.640825790951253786e-27
2.879100920486411201e-27
3.117376050021568258e-27
3.355651179556725315e-27
3.593926309091882371e-27
3.832201438627039428e-27
4.070476568162196484e-27
4.308751697697353541e-27
4.547026827232510598e-27
4.785301956767667654e-27
5.023577086302824711e-27
5.261852215837981767e-27
5.500127345373138824e-27
5.738402474908296598e-27
5.976677604443453655e-27
6.214952733978610711e-27
6.453227863513767768e-27
6.691502993048925542e-27
6.929778122584081881e-27
