2.348789096939204809e-29
3.061525098769031904e-28
5.888171287844143550e-28
8.714817476919255197e-28
1.154146366599436684e-27
1.436810985506947849e-27
1.719475604414459014e-27
2.002140223321970178e-27
2.284804842229481343e-27
2.567469461136992508e-27
2.850134080044503672e-27
3.132798698952014837e-27
3.415463317859526002e-27
3.698127936767036808e-27
3.980792555674548331e-27
4.263457174582059855e-27
4.546121793489570661e-27
4.828786412397081467e-27
5.111451031304592990e-27
5.394115650212104513e-27
5.676780269119615319e-27
5.959444888027126125e-27
6.242109506934637649e-27
6.524774125842149890e-27
6.807438744749660696e-27
7.090103363657171501e-27
7.372767982564682307e-27
7.655432601472194548e-27
7.938097220379705354e-27
8.220761839287216160e-27
