1.647412644548161277e-29
2.147317171169672310e-28
4.129893077884528689e-28
6.112468984599384619e-28
8.095044891314241447e-28
1.007762079802909648e-27
1.206019670474395331e-27
1.404277261145880834e-27
1.602534851817366517e-27
1.800792442488852200e-27
1.999050033160337882e-27
2.197307623831823565e-27
2.395565214503309248e-27
2.593822805174794930e-27
2.792080395846280254e-27
2.990337986517765937e-27
3.188595577189251620e-27
3.386853167860736944e-27
3.585110758532222268e-27
3.783368349203708309e-27
3.981625939875193633e-27
4.179883530546679675e-27
4.378141121218164999e-27
4.576398711889650323e-27
4.774656302561136364e-27
4.972913893232621688e-27
5.171171483904107730e-27
5.369429074575593054e-27
5.567686665247078378e-27
5.765944255918564419e-27
