2.728124919967637163e-29
3.555969723268160995e-28
6.839126954539558386e-28
1.012228418581095533e-27
1.340544141708235317e-27
1.668859864835374921e-27
1.997175587962514705e-27
2.325491311089654489e-27
2.653807034216794273e-27
2.982122757343934057e-27
3.310438480471073482e-27
3.638754203598213625e-27
3.967069926725353050e-27
4.295385649852493193e-27
4.623701372979632618e-27
4.952017096106772760e-27
5.280332819233912186e-27
5.608648542361051611e-27
5.936964265488191753e-27
6.265279988615331179e-27
6.593595711742471321e-27
6.921911434869612181e-27
7.250227157996751607e-27
7.578542881123891032e-27
7.906858604251030457e-27
8.235174327378169882e-27
8.563490050505310742e-27
8.891805773632450167e-27
9.220121496759589593e-27
9.548437219886729018e-27
