1.629572314670231551e-29
2.124063223949474090e-28
4.085169216431925024e-28
6.046275208914376407e-28
8.007381201396826893e-28
9.968487193879276482e-28
1.192959318636173056e-27
1.389069917884418104e-27
1.585180517132663153e-27
1.781291116380908201e-27
1.977401715629153250e-27
2.173512314877398299e-27
2.369622914125643706e-27
2.565733513373888755e-27
2.761844112622133803e-27
2.957954711870378852e-27
3.154065311118623900e-27
3.350175910366868949e-27
3.546286509615113639e-27
3.742397108863359046e-27
3.938507708111603736e-27
4.134618307359849143e-27
4.330728906608093833e-27
4.526839505856339241e-27
4.722950105104584648e-27
4.919060704352829338e-27
5.115171303601074745e-27
5.311281902849319435e-27
5.507392502097564842e-27
5.703503101345809532e-27
