2.259466633247079866e-29
2.945097887473779965e-28
5.664249111622851803e-28
8.383400335771922745e-28
1.110255155992099458e-27
1.382170278407006642e-27
1.654085400821913826e-27
1.926000523236820830e-27
2.197915645651728194e-27
2.469830768066635557e-27
2.741745890481542561e-27
3.013661012896449566e-27
3.285576135311357288e-27
3.557491257726264651e-27
3.829406380141171297e-27
4.101321502556078660e-27
4.373236624970986023e-27
4.645151747385893386e-27
4.917066869800800749e-27
5.188981992215707395e-27
5.460897114630614758e-27
5.732812237045522122e-27
6.004727359460428767e-27
6.276642481875336131e-27
6.548557604290242776e-27
6.820472726705150139e-27
7.092387849120057503e-27
7.364302971534964866e-27
7.636218093949870794e-27
7.908133216364778157e-27
