1.990026777397871408e-29
2.593896971918604414e-28
4.988791266097422360e-28
7.383685560276240307e-28
9.778579854455056459e-28
1.217347414863387351e-27
1.456836844281269235e-27
1.696326273699151119e-27
1.935815703117032824e-27
2.175305132534914529e-27
2.414794561952796234e-27
2.654283991370677939e-27
2.893773420788560003e-27
3.133262850206441708e-27
3.372752279624323413e-27
3.612241709042205118e-27
3.851731138460086823e-27
4.091220567877968527e-27
4.330709997295850232e-27
4.570199426713731937e-27
4.809688856131613642e-27
5.049178285549495347e-27
5.288667714967377052e-27
5.528157144385258757e-27
5.767646573803141179e-27
6.007136003221022884e-27
6.246625432638904589e-27
6.486114862056785577e-27
6.725604291474667282e-27
6.965093720892548987e-27
