3.498119624814462188e-29
4.559617993723677770e-28
8.769424024965909602e-28
1.297923005620814054e-27
1.718903608745037506e-27
2.139884211869260779e-27
2.560864814993483693e-27
2.981845418117706966e-27
3.402826021241929880e-27
3.823806624366152794e-27
4.244787227490376426e-27
4.665767830614599340e-27
5.086748433738822254e-27
5.507729036863045886e-27
5.928709639987268800e-27
6.349690243111492431e-27
6.770670846235715345e-27
7.191651449359938977e-27
7.612632052484161174e-27
8.033612655608384805e-27
8.454593258732608437e-27
8.875573861856830634e-27
9.296554464981054265e-27
9.717535068105277897e-27
1.013851567122950009e-26
1.055949627435372373e-26
1.098047687747794736e-26
1.140145748060217099e-26
1.182243808372639318e-26
1.224341868685061682e-26
