2.531080909139581655e-29
3.299133047085385727e-28
6.345158003256812617e-28
9.391182959428241300e-28
1.243720791559966819e-27
1.548323287177109508e-27
1.852925782794252376e-27
2.157528278411395065e-27
2.462130774028537754e-27
2.766733269645680443e-27
3.071335765262823132e-27
3.375938260879965821e-27
3.680540756497108869e-27
3.985143252114251199e-27
4.289745747731394246e-27
4.594348243348536577e-27
4.898950738965679624e-27
5.203553234582822672e-27
5.508155730199965002e-27
5.812758225817108050e-27
6.117360721434250380e-27
6.421963217051393428e-27
6.726565712668535758e-27
7.031168208285678088e-27
7.335770703902821853e-27
7.640373199519964184e-27
7.944975695137106514e-27
8.249578190754250279e-27
8.554180686371392609e-27
8.858783181988534939e-27
