1.713275598163058135e-29
2.233166124502192986e-28
4.295004689188080607e-28
6.356843253873966435e-28
8.418681818559854056e-28
1.048052038324574168e-27
1.254235894793162750e-27
1.460419751261751513e-27
1.666603607730340275e-27
1.872787464198929037e-27
2.078971320667517799e-27
2.285155177136106561e-27
2.491339033604694964e-27
2.697522890073283726e-27
2.903706746541872489e-27
3.109890603010461251e-27
3.316074459479050013e-27
3.522258315947638416e-27
3.728442172416227537e-27
3.934626028884815940e-27
4.140809885353405061e-27
4.346993741821993465e-27
4.553177598290582585e-27
4.759361454759170989e-27
4.965545311227759392e-27
5.171729167696348513e-27
5.377913024164936916e-27
5.584096880633526037e-27
5.790280737102114441e-27
5.996464593570702844e-27
