2.565110066930217465e-29
3.343488294136627969e-28
6.430465581580234248e-28
9.517442869023841872e-28
1.260442015646744770e-27
1.569139744391105353e-27
1.877837473135466116e-27
2.186535201879826519e-27
2.495232930624187282e-27
2.803930659368548044e-27
3.112628388112908448e-27
3.421326116857268851e-27
3.730023845601629972e-27
4.038721574345990376e-27
4.347419303090350780e-27
4.656117031834711901e-27
4.964814760579072305e-27
5.273512489323432708e-27
5.582210218067793829e-27
5.890907946812154233e-27
6.199605675556514637e-27
6.508303404300875758e-27
6.817001133045235444e-27
7.125698861789596565e-27
7.434396590533957686e-27
7.743094319278317372e-27
8.051792048022678493e-27
8.360489776767039615e-27
8.669187505511399301e-27
8.977885234255760422e-27
