3.781770193152695996e-29
4.929341837971444148e-28
9.480506656627619650e-28
1.403167147528379515e-27
1.858283629393996707e-27
2.313400111259614077e-27
2.768516593125231807e-27
3.223633074990849178e-27
3.678749556856466548e-27
4.133866038722083919e-27
4.588982520587701290e-27
5.044099002453318661e-27
5.499215484318936749e-27
5.954331966184554120e-27
6.409448448050171490e-27
6.864564929915788144e-27
7.319681411781406232e-27
7.774797893647024320e-27
8.229914375512640974e-27
8.685030857378259062e-27
9.140147339243875715e-27
9.595263821109493803e-27
1.005038030297511046e-26
1.050549678484072854e-26
1.096061326670634663e-26
1.141572974857196329e-26
1.187084623043758137e-26
1.232596271230319803e-26
1.278107919416881612e-26
1.323619567603443420e-26
