2.538220916942157412e-29
3.308439677945295061e-28
6.363057264196374437e-28
9.417674850447454710e-28
1.247229243669853409e-27
1.552691002294961346e-27
1.858152760920069284e-27
2.163614519545177042e-27
2.469076278170285159e-27
2.774538036795393276e-27
3.079999795420501034e-27
3.385461554045608434e-27
3.690923312670716551e-27
3.996385071295824668e-27
4.301846829920932067e-27
4.607308588546040184e-27
4.912770347171148301e-27
5.218232105796256418e-27
5.523693864421364535e-27
5.829155623046471935e-27
6.134617381671580052e-27
6.440079140296688169e-27
6.745540898921795568e-27
7.051002657546903685e-27
7.356464416172011802e-27
7.661926174797119919e-27
7.967387933422228036e-27
8.272849692047336153e-27
8.578311450672442835e-27
8.883773209297550952e-27
