2.175484490314396829e-29
2.835631508064972256e-28
5.453714567098504940e-28
8.071797626132037625e-28
1.068988068516557121e-27
1.330796374419910299e-27
1.592604680323263658e-27
1.854412986226617016e-27
2.116221292129970195e-27
2.378029598033323373e-27
2.639837903936676552e-27
2.901646209840030090e-27
3.163454515743383269e-27
3.425262821646736089e-27
3.687071127550089626e-27
3.948879433453442446e-27
4.210687739356795984e-27
4.472496045260149521e-27
4.734304351163502341e-27
4.996112657066855879e-27
5.257920962970208699e-27
5.519729268873562237e-27
5.781537574776915774e-27
6.043345880680268594e-27
6.305154186583622132e-27
6.566962492486975669e-27
6.828770798390328489e-27
7.090579104293681309e-27
7.352387410197035564e-27
7.614195716100388384e-27
