2.169003849691086066e-29
2.827184328218036374e-28
5.437468271466964702e-28
8.047752214715892134e-28
1.065803615796481957e-27
1.326832010121374789e-27
1.587860404446267443e-27
1.848888798771160455e-27
2.109917193096053108e-27
2.370945587420945762e-27
2.631973981745838774e-27
2.893002376070731428e-27
3.154030770395624081e-27
3.415059164720517093e-27
3.676087559045410464e-27
3.937115953370303118e-27
4.198144347695195771e-27
4.459172742020088424e-27
4.720201136344981078e-27
4.981229530669874449e-27
5.242257924994767102e-27
5.503286319319659756e-27
5.764314713644552409e-27
6.025343107969445063e-27
6.286371502294337716e-27
6.547399896619230370e-27
6.808428290944122306e-27
7.069456685269015676e-27
7.330485079593909047e-27
7.591513473918800983e-27
