2.921834186105664892e-29
3.808459732234280341e-28
7.324736045857994810e-28
1.084101235948170793e-27
1.435728867310542195e-27
1.787356498672913777e-27
2.138984130035284999e-27
2.490611761397656222e-27
2.842239392760027803e-27
3.193867024122399385e-27
3.545494655484771325e-27
3.897122286847142189e-27
4.248749918209513770e-27
4.600377549571885352e-27
4.952005180934256216e-27
5.303632812296627797e-27
5.655260443658999378e-27
6.006888075021370960e-27
6.358515706383742541e-27
6.710143337746113405e-27
7.061770969108484986e-27
7.413398600470855133e-27
7.765026231833226714e-27
8.116653863195598296e-27
8.468281494557969877e-27
8.819909125920341459e-27
9.171536757282713040e-27
9.523164388645084621e-27
9.874792020007454768e-27
1.022641965136982635e-26
