2.912576057607284435e-29
3.796392240605356583e-28
7.301526875449985170e-28
1.080666151029461286e-27
1.431179614513924055e-27
1.781693077998387004e-27
2.132206541482849773e-27
2.482720004967312542e-27
2.833233468451775311e-27
3.183746931936238080e-27
3.534260395420701566e-27
3.884773858905164335e-27
4.235287322389627104e-27
4.585800785874089874e-27
4.936314249358552643e-27
5.286827712843015412e-27
5.637341176327478181e-27
5.987854639811940950e-27
6.338368103296403719e-27
6.688881566780867205e-27
7.039395030265329974e-27
7.389908493749792744e-27
7.740421957234255513e-27
8.090935420718718282e-27
8.441448884203181051e-27
8.791962347687643820e-27
9.142475811172106589e-27
9.492989274656569358e-27
9.843502738141032127e-27
1.019401620162549490e-26
