2.299912081015967298e-29
2.997816436634605470e-28
5.765641665167614239e-28
8.533466893700623008e-28
1.130129212223363267e-27
1.406911735076664234e-27
1.683694257929964662e-27
1.960476780783265629e-27
2.237259303636566595e-27
2.514041826489867562e-27
2.790824349343168529e-27
3.067606872196469136e-27
3.344389395049770103e-27
3.621171917903071428e-27
3.897954440756372036e-27
4.174736963609673361e-27
4.451519486462973969e-27
4.728302009316274577e-27
5.005084532169575902e-27
5.281867055022876510e-27
5.558649577876177835e-27
5.835432100729478443e-27
6.112214623582779051e-27
6.388997146436080376e-27
6.665779669289380267e-27
6.942562192142681592e-27
7.219344714995982917e-27
7.496127237849284242e-27
7.772909760702584133e-27
8.049692283555885458e-27
