2.252713347722874127e-29
2.936295329100849706e-28
5.647319323429412589e-28
8.358343317757975023e-28
1.106936731208653746e-27
1.378039130641509989e-27
1.649141530074366232e-27
1.920243929507222476e-27
2.191346328940078719e-27
2.462448728372934963e-27
2.733551127805791206e-27
3.004653527238647449e-27
3.275755926671503334e-27
3.546858326104359577e-27
3.817960725537215821e-27
4.089063124970072064e-27
4.360165524402928308e-27
4.631267923835784551e-27
4.902370323268640794e-27
5.173472722701497038e-27
5.444575122134353281e-27
5.715677521567209524e-27
5.986779921000065768e-27
6.257882320432922011e-27
6.528984719865778255e-27
6.800087119298634498e-27
7.071189518731490741e-27
7.342291918164346985e-27
7.613394317597203228e-27
7.884496717030059472e-27
