1.616812567048546744e-29
2.107431552911553877e-28
4.053181849118253304e-28
5.998932145324952283e-28
7.944682441531651262e-28
9.890432737738352034e-28
1.183618303394505101e-27
1.378193333015174999e-27
1.572768362635844897e-27
1.767343392256514795e-27
1.961918421877184872e-27
2.156493451497854591e-27
2.351068481118524668e-27
2.545643510739194386e-27
2.740218540359864464e-27
2.934793569980534182e-27
3.129368599601204259e-27
3.323943629221873978e-27
3.518518658842543696e-27
3.713093688463213415e-27
3.907668718083883851e-27
4.102243747704553569e-27
4.296818777325223288e-27
4.491393806945893006e-27
4.685968836566563442e-27
4.880543866187233161e-27
5.075118895807902879e-27
5.269693925428573315e-27
5.464268955049243034e-27
5.658843984669912752e-27
