2.278532746572748981e-29
2.969949580015514243e-28
5.712045885373753700e-28
8.454142190731994054e-28
1.119623849609023351e-27
1.393833480144847297e-27
1.668043110680671243e-27
1.942252741216495188e-27
2.216462371752319134e-27
2.490672002288143080e-27
2.764881632823967025e-27
3.039091263359790971e-27
3.313300893895614917e-27
3.587510524431438504e-27
3.861720154967262808e-27
4.135929785503087113e-27
4.410139416038910700e-27
4.684349046574734287e-27
4.958558677110558591e-27
5.232768307646382896e-27
5.506977938182206483e-27
5.781187568718030070e-27
6.055397199253854374e-27
6.329606829789678678e-27
6.603816460325502265e-27
6.878026090861325852e-27
7.152235721397149439e-27
7.426445351932974461e-27
7.700654982468798048e-27
7.974864613004621635e-27
