1.652459293257487106e-29
2.153895216728724105e-28
4.142544504131699555e-28
6.131193791534675454e-28
8.119843078937650456e-28
1.010849236634062546e-27
1.209714165374360225e-27
1.408579094114657726e-27
1.607444022854955226e-27
1.806308951595252905e-27
2.005173880335550226e-27
2.204038809075847906e-27
2.402903737816145585e-27
2.601768666556442906e-27
2.800633595296740586e-27
2.999498524037037907e-27
3.198363452777335586e-27
3.397228381517633624e-27
3.596093310257931304e-27
3.794958238998228266e-27
3.993823167738525946e-27
4.192688096478823625e-27
4.391553025219121305e-27
4.590417953959418984e-27
4.789282882699716664e-27
4.988147811440013626e-27
5.187012740180311306e-27
5.385877668920608985e-27
5.584742597660906665e-27
5.783607526401204344e-27
