1.269365339985491037e-29
1.654552063843157605e-28
3.182167593687765798e-28
4.709783123532374440e-28
6.237398653376982633e-28
7.765014183221590826e-28
9.292629713066200813e-28
1.082024524291080901e-27
1.234786077275541720e-27
1.387547630260002539e-27
1.540309183244463359e-27
1.693070736228924178e-27
1.845832289213384997e-27
1.998593842197845816e-27
2.151355395182306636e-27
2.304116948166767455e-27
2.456878501151228274e-27
2.609640054135689094e-27
2.762401607120149913e-27
2.915163160104610732e-27
3.067924713089071552e-27
3.220686266073532371e-27
3.373447819057993549e-27
3.526209372042454010e-27
3.678970925026915188e-27
3.831732478011375648e-27
3.984494030995836826e-27
4.137255583980297287e-27
4.290017136964758465e-27
4.442778689949218925e-27
