1.872415124084460626e-29
2.440596265185951978e-28
4.693951017963457248e-28
6.947305770740962967e-28
9.200660523518469583e-28
1.145401527629597530e-27
1.370737002907348102e-27
1.596072478185098674e-27
1.821407953462849066e-27
2.046743428740599638e-27
2.272078904018350210e-27
2.497414379296100782e-27
2.722749854573851354e-27
2.948085329851601926e-27
3.173420805129352498e-27
3.398756280407103428e-27
3.624091755684854000e-27
3.849427230962604572e-27
4.074762706240355144e-27
4.300098181518105716e-27
4.525433656795856288e-27
4.750769132073606860e-27
4.976104607351357432e-27
5.201440082629108003e-27
5.426775557906858575e-27
5.652111033184609147e-27
5.877446508462359719e-27
6.102781983740110291e-27
6.328117459017860863e-27
6.553452934295611435e-27
