1.968639217884989014e-28
2.566019394346641004e-27
4.935174866904782704e-27
7.304330339462924045e-27
9.673485812021066820e-27
1.204264128457920960e-26
1.441179675713735094e-26
1.678095222969549371e-26
1.915010770225363649e-26
2.151926317481177926e-26
2.388841864736992204e-26
2.625757411992806482e-26
2.862672959248620185e-26
3.099588506504434463e-26
3.336504053760248740e-26
3.573419601016063018e-26
3.810335148271877295e-26
4.047250695527691573e-26
4.284166242783505851e-26
4.521081790039320128e-26
4.757997337295134406e-26
4.994912884550948109e-26
5.231828431806762387e-26
5.468743979062576090e-26
5.705659526318389794e-26
5.942575073574204646e-26
6.179490620830018349e-26
6.416406168085833201e-26
6.653321715341646904e-26
6.890237262597461756e-26
