1.788230013368112528e-29
2.330865327769470662e-28
4.482907654202129567e-28
6.634949980634788920e-28
8.786992307067448273e-28
1.093903463350010763e-27
1.309107695993276698e-27
1.524311928636542633e-27
1.739516161279808569e-27
1.954720393923074683e-27
2.169924626566340439e-27
2.385128859209606195e-27
2.600333091852872310e-27
2.815537324496138425e-27
3.030741557139404180e-27
3.245945789782670295e-27
3.461150022425936410e-27
3.676354255069202524e-27
3.891558487712468639e-27
4.106762720355734036e-27
4.321966952999000151e-27
4.537171185642266266e-27
4.752375418285531663e-27
4.967579650928797778e-27
5.182783883572063892e-27
5.397988116215330007e-27
5.613192348858596122e-27
5.828396581501861519e-27
6.043600814145127634e-27
6.258805046788393748e-27
