1.645625656714803156e-29
2.144987924959294886e-28
4.125413284247109680e-28
6.105838643534923578e-28
8.086264002822738372e-28
1.006668936211055406e-27
1.204711472139836796e-27
1.402754008068618365e-27
1.600796543997399755e-27
1.798839079926181324e-27
1.996881615854962714e-27
2.194924151783744104e-27
2.392966687712525493e-27
2.591009223641306883e-27
2.789051759570088632e-27
2.987094295498870021e-27
3.185136831427651411e-27
3.383179367356432801e-27
3.581221903285214549e-27
3.779264439213995580e-27
3.977306975142777329e-27
4.175349511071558360e-27
4.373392047000340108e-27
4.571434582929121857e-27
4.769477118857902888e-27
4.967519654786684636e-27
5.165562190715465667e-27
5.363604726644247416e-27
5.561647262573029164e-27
5.759689798501810195e-27
