4.502075249842892366e-29
5.868222222209010752e-28
1.128623691943373333e-27
1.670425161665845502e-27
2.212226631388317670e-27
2.754028101110789839e-27
3.295829570833261648e-27
3.837631040555733817e-27
4.379432510278205985e-27
4.921233980000678153e-27
5.463035449723150322e-27
6.004836919445622490e-27
6.546638389168094659e-27
7.088439858890567544e-27
7.630241328613038995e-27
8.172042798335510446e-27
8.713844268057983332e-27
9.255645737780456218e-27
9.797447207502927669e-27
1.033924867722539912e-26
1.088105014694787201e-26
1.142285161667034489e-26
1.196465308639281634e-26
1.250645455611528779e-26
1.304825602583776211e-26
1.359005749556023500e-26
1.413185896528270789e-26
1.467366043500517790e-26
1.521546190472765079e-26
1.575726337445012367e-26
