1.787787326864408530e-29
2.330288308809470713e-28
4.481797884932500377e-28
6.633307461055529592e-28
8.784817037178558807e-28
1.093632661330158892e-27
1.308783618942461724e-27
1.523934576554764735e-27
1.739085534167067926e-27
1.954236491779370937e-27
2.169387449391673948e-27
2.384538407003976959e-27
2.599689364616279612e-27
2.814840322228582623e-27
3.029991279840885634e-27
3.245142237453188645e-27
3.460293195065491298e-27
3.675444152677793950e-27
3.890595110290097320e-27
4.105746067902399973e-27
4.320897025514703343e-27
4.536047983127005995e-27
4.751198940739309365e-27
4.966349898351612018e-27
5.181500855963914670e-27
5.396651813576218040e-27
5.611802771188520692e-27
5.826953728800824062e-27
6.042104686413126715e-27
6.257255644025429367e-27
