1.675502922258659330e-29
2.183931395219907640e-28
4.200312498213949460e-28
6.216693601207990382e-28
8.233074704202032201e-28
1.024945580719607492e-27
1.226583691019011584e-27
1.428221801318415856e-27
1.629859911617819768e-27
1.831498021917224219e-27
2.033136132216628312e-27
2.234774242516032404e-27
2.436412352815436496e-27
2.638050463114840588e-27
2.839688573414245039e-27
3.041326683713649132e-27
3.242964794013053224e-27
3.444602904312457316e-27
3.646241014611861408e-27
3.847879124911265501e-27
4.049517235210669593e-27
4.251155345510073685e-27
4.452793455809477777e-27
4.654431566108881870e-27
4.856069676408285962e-27
5.057707786707690054e-27
5.259345897007094146e-27
5.460984007306498956e-27
5.662622117605903048e-27
5.864260227905307141e-27
