5.219077318768633186e-29
6.802797332739802479e-28
1.308368693360274197e-27
1.936457653446568147e-27
2.564546613532862097e-27
3.192635573619156046e-27
3.820724533705449996e-27
4.448813493791743946e-27
5.076902453878037895e-27
5.704991413964331845e-27
6.333080374050625795e-27
6.961169334136919027e-27
7.589258294223213694e-27
8.217347254309508361e-27
8.845436214395801593e-27
9.473525174482094825e-27
1.010161413456838949e-26
1.072970309465468416e-26
1.135779205474097739e-26
1.198588101482727062e-26
1.261396997491356529e-26
1.324205893499986139e-26
1.387014789508615319e-26
1.449823685517244786e-26
1.512632581525874252e-26
1.575441477534503719e-26
1.638250373543133186e-26
1.701059269551762366e-26
1.763868165560391832e-26
1.826677061569021299e-26
