2.644615953137252112e-29
3.447120104434073733e-28
6.629778613554421638e-28
9.812437122674770888e-28
1.299509563179511924e-27
1.617775414091546759e-27
1.936041265003581595e-27
2.254307115915616430e-27
2.572572966827651265e-27
2.890838817739686101e-27
3.209104668651720936e-27
3.527370519563756130e-27
3.845636370475790607e-27
4.163902221387825083e-27
4.482168072299860277e-27
4.800433923211895471e-27
5.118699774123929948e-27
5.436965625035964425e-27
5.755231475947999619e-27
6.073497326860034813e-27
6.391763177772069289e-27
6.710029028684103766e-27
7.028294879596139677e-27
7.346560730508174154e-27
7.664826581420208631e-27
7.983092432332243107e-27
8.301358283244277584e-27
8.619624134156313495e-27
8.937889985068347972e-27
9.256155835980382449e-27
