2.546196577168678418e-29
3.318835538516415144e-28
6.383051419315962950e-28
9.447267300115509860e-28
1.251148318091505767e-27
1.557569906171460547e-27
1.863991494251415148e-27
2.170413082331370108e-27
2.476834670411324710e-27
2.783256258491279311e-27
3.089677846571234271e-27
3.396099434651188872e-27
3.702521022731143474e-27
4.008942610811098075e-27
4.315364198891053394e-27
4.621785786971007995e-27
4.928207375050962596e-27
5.234628963130917197e-27
5.541050551210871799e-27
5.847472139290827117e-27
6.153893727370781719e-27
6.460315315450736320e-27
6.766736903530690921e-27
7.073158491610646240e-27
7.379580079690600124e-27
7.686001667770555442e-27
7.992423255850509326e-27
8.298844843930464645e-27
8.605266432010419964e-27
8.911688020090373848e-27
