1.779550948372377697e-29
2.319552615464685321e-28
4.461150136092133404e-28
6.602747656719581039e-28
8.744345177347028674e-28
1.088594269797447631e-27
1.302754021860192394e-27
1.516913773922937158e-27
1.731073525985681921e-27
1.945233278048426506e-27
2.159393030111171449e-27
2.373552782173916391e-27
2.587712534236660976e-27
2.801872286299405560e-27
3.016032038362150503e-27
3.230191790424895445e-27
3.444351542487640030e-27
3.658511294550384614e-27
3.872671046613129198e-27
4.086830798675874499e-27
4.300990550738619084e-27
4.515150302801363668e-27
4.729310054864108969e-27
4.943469806926853554e-27
5.157629558989598138e-27
5.371789311052342722e-27
5.585949063115087306e-27
5.800108815177832608e-27
6.014268567240577192e-27
6.228428319303322493e-27
