3.794699918533997319e-29
4.946195066227073191e-28
9.512920140600746593e-28
1.407964521497442089e-27
1.864637028934809161e-27
2.321309536372176411e-27
2.777982043809544020e-27
3.234654551246911271e-27
3.691327058684278880e-27
4.147999566121646490e-27
4.604672073559013382e-27
5.061344580996380991e-27
5.518017088433748600e-27
5.974689595871115492e-27
6.431362103308483101e-27
6.888034610745849993e-27
7.344707118183217603e-27
7.801379625620585212e-27
8.258052133057952821e-27
8.714724640495318996e-27
9.171397147932686605e-27
9.628069655370054214e-27
1.008474216280742182e-26
1.054141467024478943e-26
1.099808717768215704e-26
1.145475968511952322e-26
1.191143219255689083e-26
1.236810469999425844e-26
1.282477720743162604e-26
1.328144971486899222e-26
