3.067316443242034298e-29
3.998088329467203117e-28
7.689445014610202916e-28
1.138080169975320316e-27
1.507215838489620341e-27
1.876351507003920366e-27
2.245487175518220211e-27
2.614622844032520416e-27
2.983758512546820261e-27
3.352894181061119748e-27
3.722029849575419952e-27
4.091165518089720156e-27
4.460301186604019643e-27
4.829436855118319847e-27
5.198572523632620051e-27
5.567708192146919538e-27
5.936843860661219742e-27
6.305979529175519946e-27
6.675115197689819433e-27
7.044250866204120354e-27
7.413386534718419841e-27
7.782522203232719328e-27
8.151657871747020249e-27
8.520793540261319736e-27
8.889929208775619222e-27
9.259064877289920144e-27
9.628200545804219631e-27
9.997336214318519117e-27
1.036647188283282004e-26
1.073560755134711953e-26
