3.392347222854142516e-29
4.421749138754709231e-28
8.504263555224004266e-28
1.258677797169329930e-27
1.666929238816259613e-27
2.075180680463189117e-27
2.483432122110118620e-27
2.891683563757048124e-27
3.299935005403977268e-27
3.708186447050906413e-27
4.116437888697836276e-27
4.524689330344766138e-27
4.932940771991695283e-27
5.341192213638624427e-27
5.749443655285554290e-27
6.157695096932484152e-27
6.565946538579414014e-27
6.974197980226343159e-27
7.382449421873272304e-27
7.790700863520202884e-27
8.198952305167132028e-27
8.607203746814061173e-27
9.015455188460991753e-27
9.423706630107920898e-27
9.831958071754850043e-27
1.024020951340177919e-26
1.064846095504870833e-26
1.105671239669563891e-26
1.146496383834256806e-26
1.187321527998949864e-26
