6.895070937578609825e-29
8.987368325533497914e-28
1.728522955730913406e-27
2.558309078908477021e-27
3.388095202086040635e-27
4.217881325263604250e-27
5.047667448441167865e-27
5.877453571618731479e-27
6.707239694796294376e-27
7.537025817973857991e-27
8.366811941151421606e-27
9.196598064328985220e-27
1.002638418750654883e-26
1.085617031068411245e-26
1.168595643386167606e-26
1.251574255703923968e-26
1.334552868021680473e-26
1.417531480339436834e-26
1.500510092657193196e-26
1.583488704974949557e-26
1.666467317292705919e-26
1.749445929610462280e-26
1.832424541928218642e-26
1.915403154245975003e-26
1.998381766563731365e-26
2.081360378881487726e-26
2.164338991199244087e-26
2.247317603517000449e-26
2.330296215834756810e-26
2.413274828152513172e-26
