2.681129866178834696e-29
3.494714101433101977e-28
6.721315216248320932e-28
9.947916331063539439e-28
1.317451744587875795e-27
1.640111856069397645e-27
1.962771967550919496e-27
2.285432079032441347e-27
2.608092190513963197e-27
2.930752301995485048e-27
3.253412413477006540e-27
3.576072524958528032e-27
3.898732636440050242e-27
4.221392747921572451e-27
4.544052859403093943e-27
4.866712970884615435e-27
5.189373082366137644e-27
5.512033193847659854e-27
5.834693305329181346e-27
6.157353416810702838e-27
6.480013528292225047e-27
6.802673639773747257e-27
7.125333751255268031e-27
7.447993862736790241e-27
7.770653974218312450e-27
8.093314085699834660e-27
8.415974197181356869e-27
8.738634308662877644e-27
9.061294420144399853e-27
9.383954531625922062e-27
