3.250344762059014910e-29
4.236656276063129258e-28
8.148278075920356744e-28
1.205989987577758513e-27
1.597152167563481351e-27
1.988314347549204189e-27
2.379476527534926848e-27
2.770638707520649866e-27
3.161800887506372525e-27
3.552963067492095184e-27
3.944125247477817843e-27
4.335287427463540502e-27
4.726449607449263161e-27
5.117611787434985820e-27
5.508773967420709196e-27
5.899936147406431855e-27
6.291098327392154514e-27
6.682260507377877890e-27
7.073422687363601267e-27
7.464584867349323208e-27
7.855747047335046585e-27
8.246909227320768526e-27
8.638071407306491903e-27
9.029233587292215279e-27
9.420395767277937221e-27
9.811557947263660597e-27
1.020272012724938254e-26
1.059388230723510591e-26
1.098504448722082929e-26
1.137620666720655123e-26
