2.943498814419317994e-29
3.836698454656903838e-28
7.379047027871875821e-28
1.092139560108684646e-27
1.446374417430181889e-27
1.800609274751679132e-27
2.154844132073176375e-27
2.509078989394673618e-27
2.863313846716170862e-27
3.217548704037668105e-27
3.571783561359164989e-27
3.926018418680662232e-27
4.280253276002159475e-27
4.634488133323656719e-27
4.988722990645153962e-27
5.342957847966651205e-27
5.697192705288148448e-27
6.051427562609645691e-27
6.405662419931142934e-27
6.759897277252639460e-27
7.114132134574135986e-27
7.468366991895633946e-27
7.822601849217130472e-27
8.176836706538628433e-27
8.531071563860124958e-27
8.885306421181622919e-27
9.239541278503119445e-27
9.593776135824617405e-27
9.948010993146113931e-27
1.030224585046761189e-26
