3.022758078858625799e-29
3.940008806236415712e-28
7.577741804586968621e-28
1.121547480293752153e-27
1.485320780128807354e-27
1.849094079963862735e-27
2.212867379798918294e-27
2.576640679633973496e-27
2.940413979469028697e-27
3.304187279304083898e-27
3.667960579139138740e-27
4.031733878974194300e-27
4.395507178809249860e-27
4.759280478644304702e-27
5.123053778479360262e-27
5.486827078314415105e-27
5.850600378149470664e-27
6.214373677984526224e-27
6.578146977819582502e-27
6.941920277654637344e-27
7.305693577489692187e-27
7.669466877324748464e-27
8.033240177159803306e-27
8.397013476994858149e-27
8.760786776829914426e-27
9.124560076664969268e-27
9.488333376500024111e-27
9.852106676335078953e-27
1.021587997617013523e-26
1.057965327600519007e-26
