3.913248372391207093e-29
5.100716844013365764e-28
9.810108850787609865e-28
1.451950085756185486e-27
1.922889286433609986e-27
2.393828487111034665e-27
2.864767687788458986e-27
3.335706888465883306e-27
3.806646089143307986e-27
4.277585289820732665e-27
4.748524490498157344e-27
5.219463691175581306e-27
5.690402891853005985e-27
6.161342092530430664e-27
6.632281293207854626e-27
7.103220493885280023e-27
7.574159694562703984e-27
8.045098895240127946e-27
8.516038095917553343e-27
8.986977296594977304e-27
9.457916497272402701e-27
9.928855697949826663e-27
1.039979489862725062e-26
1.087073409930467602e-26
1.134167329998209998e-26
1.181261250065952394e-26
1.228355170133694934e-26
1.275449090201437330e-26
1.322543010269179870e-26
1.369636930336922410e-26
