1.757008113508003740e-29
2.290169196227674115e-28
4.404637581104547687e-28
6.519105965981421260e-28
8.633574350858293935e-28
1.074804273573516840e-27
1.286251112061204108e-27
1.497697950548891376e-27
1.709144789036578823e-27
1.920591627524266269e-27
2.132038466011953716e-27
2.343485304499640805e-27
2.554932142987328252e-27
2.766378981475015698e-27
2.977825819962702787e-27
3.189272658450390234e-27
3.400719496938077681e-27
3.612166335425764769e-27
3.823613173913452574e-27
4.035060012401139663e-27
4.246506850888827468e-27
4.457953689376514556e-27
4.669400527864201645e-27
4.880847366351889450e-27
5.092294204839576539e-27
5.303741043327263627e-27
5.515187881814951432e-27
5.726634720302638521e-27
5.938081558790325609e-27
6.149528397278013414e-27
