4.388509976227914348e-29
5.720195762117763817e-28
1.100154052661273620e-27
1.628288529110771127e-27
2.156423005560267917e-27
2.684557482009765424e-27
3.212691958459262932e-27
3.740826434908759721e-27
4.268960911358257229e-27
4.797095387807754736e-27
5.325229864257251526e-27
5.853364340706749033e-27
6.381498817156246540e-27
6.909633293605744048e-27
7.437767770055240120e-27
7.965902246504737627e-27
8.494036722954235135e-27
9.022171199403732642e-27
9.550305675853230149e-27
1.007844015230272622e-26
1.060657462875222373e-26
1.113470910520172124e-26
1.166284358165121874e-26
1.219097805810071625e-26
1.271911253455021376e-26
1.324724701099970983e-26
1.377538148744920877e-26
1.430351596389870484e-26
1.483165044034820092e-26
1.535978491679769986e-26
