2.266825729211811665e-29
2.954690088420912645e-28
5.682697603920644067e-28
8.410705119420375937e-28
1.113871263492010691e-27
1.386672015041983788e-27
1.659472766591956886e-27
1.932273518141929983e-27
2.205074269691903081e-27
2.477875021241876178e-27
2.750675772791849275e-27
3.023476524341822373e-27
3.296277275891795829e-27
3.569078027441768567e-27
3.841878778991742024e-27
4.114679530541714762e-27
4.387480282091688218e-27
4.660281033641661674e-27
4.933081785191634413e-27
5.205882536741607869e-27
5.478683288291580608e-27
5.751484039841554064e-27
6.024284791391526802e-27
6.297085542941500259e-27
6.569886294491474432e-27
6.842687046041447888e-27
7.115487797591419909e-27
7.388288549141393366e-27
7.661089300691366822e-27
7.933890052241340278e-27
