2.487615988724055413e-29
3.242478771509285406e-28
6.236195944146165214e-28
9.229913116783045471e-28
1.222363028941992483e-27
1.521734746205680419e-27
1.821106463469368355e-27
2.120478180733056291e-27
2.419849897996744227e-27
2.719221615260432163e-27
3.018593332524120099e-27
3.317965049787808394e-27
3.617336767051496689e-27
3.916708484315184266e-27
4.216080201578872561e-27
4.515451918842560138e-27
4.814823636106248433e-27
5.114195353369936728e-27
5.413567070633624305e-27
5.712938787897312600e-27
6.012310505161000177e-27
6.311682222424688472e-27
6.611053939688376049e-27
6.910425656952064344e-27
7.209797374215752638e-27
7.509169091479440933e-27
7.808540808743127793e-27
8.107912526006816088e-27
8.407284243270504382e-27
8.706655960534192677e-27
