1.168367007721705229e-29
1.522905961788981060e-28
2.928975222805791638e-28
4.335044483822602217e-28
5.741113744839412796e-28
7.147183005856223375e-28
8.553252266873034850e-28
9.959321527889844532e-28
1.136539078890665601e-27
1.277146004992346748e-27
1.417752931094027717e-27
1.558359857195708685e-27
1.698966783297389653e-27
1.839573709399070800e-27
1.980180635500751589e-27
2.120787561602432737e-27
2.261394487704113884e-27
2.402001413805795032e-27
2.542608339907476180e-27
2.683215266009156968e-27
2.823822192110838116e-27
2.964429118212519263e-27
3.105036044314200052e-27
3.245642970415881559e-27
3.386249896517562347e-27
3.526856822619243136e-27
3.667463748720924643e-27
3.808070674822605431e-27
3.948677600924286220e-27
4.089284527025967726e-27
