1.892893088755414025e-29
2.467288232929470278e-28
4.745287156983398704e-28
7.023286081037328476e-28
9.301285005091256455e-28
1.157928392914518623e-27
1.385728285319911420e-27
1.613528177725304218e-27
1.841328070130697375e-27
2.069127962536090352e-27
2.296927854941483329e-27
2.524727747346875948e-27
2.752527639752268925e-27
2.980327532157661902e-27
3.208127424563054521e-27
3.435927316968447139e-27
3.663727209373840116e-27
3.891527101779233093e-27
4.119326994184626071e-27
4.347126886590019048e-27
4.574926778995412025e-27
4.802726671400804285e-27
5.030526563806197262e-27
5.258326456211590239e-27
5.486126348616983216e-27
5.713926241022376193e-27
5.941726133427769171e-27
6.169526025833162148e-27
6.397325918238554408e-27
6.625125810643948102e-27
