1.165686870991647353e-29
1.519412542189112345e-28
2.922256397279060250e-28
4.325100252369007930e-28
5.727944107458955610e-28
7.130787962548903290e-28
8.533631817638850970e-28
9.936475672728797754e-28
1.133931952781874633e-27
1.274216338290869491e-27
1.414500723799864169e-27
1.554785109308858847e-27
1.695069494817853526e-27
1.835353880326848383e-27
1.975638265835842882e-27
2.115922651344837740e-27
2.256207036853832598e-27
2.396491422362827456e-27
2.536775807871822313e-27
2.677060193380816812e-27
2.817344578889811670e-27
2.957628964398806528e-27
3.097913349907801027e-27
3.238197735416795884e-27
3.378482120925791101e-27
3.518766506434785600e-27
3.659050891943780816e-27
3.799335277452775315e-27
3.939619662961769814e-27
4.079904048470765030e-27
