1.253945113166372426e-29
1.634452595782375103e-28
3.143510680248113047e-28
4.652568764713851664e-28
6.161626849179589384e-28
7.670684933645327105e-28
9.179743018111065722e-28
1.068880110257680344e-27
1.219785918704254116e-27
1.370691727150827888e-27
1.521597535597401660e-27
1.672503344043975432e-27
1.823409152490549204e-27
1.974314960937122976e-27
2.125220769383696748e-27
2.276126577830270520e-27
2.427032386276844292e-27
2.577938194723418064e-27
2.728844003169991836e-27
2.879749811616565608e-27
3.030655620063139380e-27
3.181561428509713152e-27
3.332467236956287283e-27
3.483373045402861055e-27
3.634278853849434827e-27
3.785184662296008599e-27
3.936090470742582371e-27
4.086996279189156143e-27
4.237902087635729915e-27
4.388807896082303687e-27
