5.460443260705784575e-29
7.117405353609609006e-28
1.368876638114864056e-27
2.026012740868767033e-27
2.683148843622670189e-27
3.340284946376573344e-27
3.997421049130476141e-27
4.654557151884379656e-27
5.311693254638282453e-27
5.968829357392185250e-27
6.625965460146088047e-27
7.283101562899991561e-27
7.940237665653893641e-27
8.597373768407797156e-27
9.254509871161700670e-27
9.911645973915602750e-27
1.056878207666950626e-26
1.122591817942340978e-26
1.188305428217731186e-26
1.254019038493121537e-26
1.319732648768511889e-26
1.385446259043902097e-26
1.451159869319292592e-26
1.516873479594682800e-26
1.582587089870073008e-26
1.648300700145463502e-26
1.714014310420853710e-26
1.779727920696243918e-26
1.845441530971634413e-26
1.911155141247024621e-26
