1.299143458431396110e-29
1.693366300989888592e-28
3.256818256136637684e-28
4.820270211283386777e-28
6.383722166430135869e-28
7.947174121576884962e-28
9.510626076723634054e-28
1.107407803187038404e-27
1.263752998701713224e-27
1.420098194216388044e-27
1.576443389731063042e-27
1.732788585245738221e-27
1.889133780760413040e-27
2.045478976275087860e-27
2.201824171789763038e-27
2.358169367304437858e-27
2.514514562819112677e-27
2.670859758333787497e-27
2.827204953848462317e-27
2.983550149363137495e-27
3.139895344877812314e-27
3.296240540392487134e-27
3.452585735907161954e-27
3.608930931421836773e-27
3.765276126936511593e-27
3.921621322451186412e-27
4.077966517965861232e-27
4.234311713480536051e-27
4.390656908995211589e-27
4.547002104509886408e-27
