1.425426347816971481e-29
1.857969515430397250e-28
3.573396396079097660e-28
5.288823276727798071e-28
7.004250157376498033e-28
8.719677038025197994e-28
1.043510391867389885e-27
1.215053079932259792e-27
1.386595767997129878e-27
1.558138456061999964e-27
1.729681144126869870e-27
1.901223832191739956e-27
2.072766520256610042e-27
2.244309208321480128e-27
2.415851896386349855e-27
2.587394584451219941e-27
2.758937272516090027e-27
2.930479960580960112e-27
3.102022648645830198e-27
3.273565336710699925e-27
3.445108024775569653e-27
3.616650712840440097e-27
3.788193400905309824e-27
3.959736088970179551e-27
4.131278777035049996e-27
4.302821465099919723e-27
4.474364153164790168e-27
4.645906841229659895e-27
4.817449529294529622e-27
4.988992217359400067e-27
