1.230047027588325816e-29
1.603302677339265813e-28
3.083600651919699143e-28
4.563898626500132696e-28
6.044196601080565802e-28
7.524494575660998907e-28
9.004792550241432909e-28
1.048509052482186601e-27
1.196538849940229912e-27
1.344568647398273223e-27
1.492598444856316533e-27
1.640628242314360202e-27
1.788658039772403513e-27
1.936687837230446823e-27
2.084717634688490134e-27
2.232747432146533444e-27
2.380777229604576755e-27
2.528807027062620065e-27
2.676836824520663376e-27
2.824866621978706687e-27
2.972896419436749997e-27
3.120926216894793308e-27
3.268956014352836977e-27
3.416985811810880287e-27
3.565015609268923598e-27
3.713045406726966908e-27
3.861075204185010219e-27
4.009105001643053530e-27
4.157134799101096840e-27
4.305164596559140151e-27
