1.345439190232651439e-29
1.753710392786007728e-28
3.372876866548750004e-28
4.992043340311492952e-28
6.611209814074235452e-28
8.230376287836977056e-28
9.849542761599719556e-28
1.146870923536246206e-27
1.308787570912520456e-27
1.470704218288794706e-27
1.632620865665069135e-27
1.794537513041343385e-27
1.956454160417617635e-27
2.118370807793891885e-27
2.280287455170166135e-27
2.442204102546440385e-27
2.604120749922714635e-27
2.766037397298988885e-27
2.927954044675263135e-27
3.089870692051537385e-27
3.251787339427811635e-27
3.413703986804085885e-27
3.575620634180360135e-27
3.737537281556634385e-27
3.899453928932908635e-27
4.061370576309182885e-27
4.223287223685457135e-27
4.385203871061731385e-27
4.547120518438005635e-27
4.709037165814279885e-27
