1.718264321077771499e-29
2.239668666784129586e-28
4.307510901460481995e-28
6.375353136136834403e-28
8.443195370813186812e-28
1.051103760548954012e-27
1.257887984016589163e-27
1.464672207484224314e-27
1.671456430951859645e-27
1.878240654419494975e-27
2.085024877887130306e-27
2.291809101354765277e-27
2.498593324822400608e-27
2.705377548290035938e-27
2.912161771757670910e-27
3.118945995225306241e-27
3.325730218692941571e-27
3.532514442160576543e-27
3.739298665628212232e-27
3.946082889095847204e-27
4.152867112563482893e-27
4.359651336031117865e-27
4.566435559498752837e-27
4.773219782966388526e-27
4.980004006434023498e-27
5.186788229901658470e-27
5.393572453369294159e-27
5.600356676836929131e-27
5.807140900304564103e-27
6.013925123772199792e-27
