3.905542906991393470e-29
5.090673168423264051e-28
9.790792046147388979e-28
1.449091092387151301e-27
1.919102980159564063e-27
2.389114867931976645e-27
2.859126755704388869e-27
3.329138643476801452e-27
3.799150531249214034e-27
4.269162419021626616e-27
4.739174306794039199e-27
5.209186194566451781e-27
5.679198082338863646e-27
6.149209970111276229e-27
6.619221857883688094e-27
7.089233745656101394e-27
7.559245633428513259e-27
8.029257521200925124e-27
8.499269408973338424e-27
8.969281296745750289e-27
9.439293184518163589e-27
9.909305072290575454e-27
1.037931696006298875e-26
1.084932884783540062e-26
1.131934073560781248e-26
1.178935262338022578e-26
1.225936451115263765e-26
1.272937639892505095e-26
1.319938828669746425e-26
1.366940017446987611e-26
