1.308079514605613628e-29
1.705013988003179288e-28
3.279220024545797242e-28
4.853426061088414747e-28
6.427632097631033149e-28
8.001838134173651550e-28
9.576044170716269055e-28
1.115025020725888746e-27
1.272445624380150586e-27
1.429866228034412426e-27
1.587286831688674266e-27
1.744707435342935927e-27
1.902128038997197588e-27
2.059548642651459607e-27
2.216969246305721268e-27
2.374389849959983288e-27
2.531810453614244949e-27
2.689231057268506609e-27
2.846651660922768629e-27
3.004072264577030290e-27
3.161492868231292309e-27
3.318913471885553253e-27
3.476334075539815272e-27
3.633754679194077292e-27
3.791175282848338594e-27
3.948595886502600614e-27
4.106016490156862633e-27
4.263437093811124653e-27
4.420857697465385955e-27
4.578278301119647974e-27
