1.659071141121304356e-29
2.162513418427079162e-28
4.159119722742028113e-28
6.155726027056976615e-28
8.152332331371926014e-28
1.014893863568687452e-27
1.214554494000182302e-27
1.414215124431677152e-27
1.613875754863172002e-27
1.813536385294666853e-27
2.013197015726161882e-27
2.212857646157656553e-27
2.412518276589151583e-27
2.612178907020646253e-27
2.811839537452141283e-27
3.011500167883635954e-27
3.211160798315130983e-27
3.410821428746626372e-27
3.610482059178121043e-27
3.810142689609615713e-27
4.009803320041111102e-27
4.209463950472605773e-27
4.409124580904100443e-27
4.608785211335595114e-27
4.808445841767090503e-27
5.008106472198585174e-27
5.207767102630079844e-27
5.407427733061575233e-27
5.607088363493069904e-27
5.806748993924564574e-27
