3.142181948203776815e-29
4.095671642831129479e-28
7.877125090841882061e-28
1.165857853885263375e-27
1.544003198686338543e-27
1.922148543487413891e-27
2.300293888288489239e-27
2.678439233089564228e-27
3.056584577890639576e-27
3.434729922691714924e-27
3.812875267492789913e-27
4.191020612293864902e-27
4.569165957094940609e-27
4.947311301896015598e-27
5.325456646697090587e-27
5.703601991498166293e-27
6.081747336299241283e-27
6.459892681100316272e-27
6.838038025901391261e-27
7.216183370702465532e-27
7.594328715503541239e-27
7.972474060304616946e-27
8.350619405105691217e-27
8.728764749906766924e-27
9.106910094707842631e-27
9.485055439508916902e-27
9.863200784309992609e-27
1.024134612911106832e-26
1.061949147391214259e-26
1.099763681871321829e-26
