4.922594773780913130e-29
6.416347670652362450e-28
1.234043586392663465e-27
1.826452405720090596e-27
2.418861225047517547e-27
3.011270044374944498e-27
3.603678863702372526e-27
4.196087683029799477e-27
4.788496502357226428e-27
5.380905321684653379e-27
5.973314141012080330e-27
6.565722960339507281e-27
7.158131779666934950e-27
7.750540598994361184e-27
8.342949418321788852e-27
8.935358237649215086e-27
9.527767056976642755e-27
1.012017587630407042e-26
1.071258469563149666e-26
1.130499351495892433e-26
1.189740233428635056e-26
1.248981115361377823e-26
1.308221997294120733e-26
1.367462879226863357e-26
1.426703761159606267e-26
1.485944643092348890e-26
1.545185525025091514e-26
1.604426406957834137e-26
1.663667288890577047e-26
1.722908170823319671e-26
