2.347949098329050045e-29
3.060430204028899685e-28
5.886065498224893778e-28
8.711700792420888767e-28
1.153733608661688376e-27
1.436297138081287874e-27
1.718860667500887194e-27
2.001424196920486693e-27
2.283987726340086192e-27
2.566551255759685691e-27
2.849114785179285190e-27
3.131678314598884689e-27
3.414241844018483470e-27
3.696805373438082969e-27
3.979368902857682468e-27
4.261932432277281967e-27
4.544495961696881466e-27
4.827059491116480965e-27
5.109623020536080463e-27
5.392186549955679962e-27
5.674750079375279461e-27
5.957313608794878960e-27
6.239877138214478459e-27
6.522440667634077958e-27
6.805004197053677457e-27
7.087567726473276956e-27
7.370131255892876455e-27
7.652694785312475954e-27
7.935258314732075453e-27
8.217821844151674951e-27
