1.451151313338537871e-29
1.891500677386094135e-28
3.637886223438334510e-28
5.384271769490574886e-28
7.130657315542815262e-28
8.877042861595055638e-28
1.062342840764729691e-27
1.236981395369953818e-27
1.411619949975177766e-27
1.586258504580401714e-27
1.760897059185625662e-27
1.935535613790849969e-27
2.110174168396073916e-27
2.284812723001297864e-27
2.459451277606522171e-27
2.634089832211746119e-27
2.808728386816970067e-27
2.983366941422194015e-27
3.158005496027417962e-27
3.332644050632641910e-27
3.507282605237865500e-27
3.681921159843089806e-27
3.856559714448314113e-27
4.031198269053537702e-27
4.205836823658762009e-27
4.380475378263986315e-27
4.555113932869209904e-27
4.729752487474434211e-27
4.904391042079658518e-27
5.079029596684882107e-27
