1.788127495354590299e-29
2.330731700841500724e-28
4.482650652147541829e-28
6.634569603453583383e-28
8.786488554759625833e-28
1.093840750606566828e-27
1.309032645737170894e-27
1.524224540867774960e-27
1.739416435998379205e-27
1.954608331128983450e-27
2.169800226259587695e-27
2.384992121390191581e-27
2.600184016520795826e-27
2.815375911651400071e-27
3.030567806782003958e-27
3.245759701912607844e-27
3.460951597043212089e-27
3.676143492173816334e-27
3.891335387304420579e-27
4.106527282435024824e-27
4.321719177565629069e-27
4.536911072696232597e-27
4.752102967826836842e-27
4.967294862957441087e-27
5.182486758088045332e-27
5.397678653218649577e-27
5.612870548349253822e-27
5.828062443479858067e-27
6.043254338610461595e-27
6.258446233741065840e-27
