2.825213892514131273e-29
3.682520177139108335e-28
7.082518965026804103e-28
1.048251775291449763e-27
1.388251654080219385e-27
1.728251532868989006e-27
2.068251411657758269e-27
2.408251290446527891e-27
2.748251169235297512e-27
3.088251048024067134e-27
3.428250926812837114e-27
3.768250805601606736e-27
4.108250684390375640e-27
4.448250563179145262e-27
4.788250441967914883e-27
5.128250320756684505e-27
5.468250199545454127e-27
5.808250078334223748e-27
6.148249957122993370e-27
6.488249835911762992e-27
6.828249714700532613e-27
7.168249593489302235e-27
7.508249472278071857e-27
7.848249351066841478e-27
8.188249229855609665e-27
8.528249108644379287e-27
8.868248987433148908e-27
9.208248866221918530e-27
9.548248745010688152e-27
9.888248623799457773e-27
