2.360806332503889621e-29
3.077188943746448895e-28
5.918297254242508857e-28
8.759405564738567922e-28
1.160051387523462878e-27
1.444162218573068964e-27
1.728273049622674870e-27
2.012383880672280956e-27
2.296494711721887042e-27
2.580605542771493128e-27
2.864716373821099214e-27
3.148827204870704941e-27
3.432938035920310309e-27
3.717048866969916395e-27
4.001159698019522481e-27
4.285270529069128567e-27
4.569381360118734652e-27
4.853492191168340738e-27
5.137603022217946824e-27
5.421713853267552910e-27
5.705824684317158996e-27
5.989935515366764364e-27
6.274046346416370450e-27
6.558157177465976536e-27
6.842268008515581904e-27
7.126378839565188707e-27
7.410489670614794076e-27
7.694600501664400879e-27
7.978711332714006247e-27
8.262822163763613051e-27
