1.198459107194446632e-29
1.562129456963795850e-28
3.004413003208147275e-28
4.446696549452497803e-28
5.888980095696849228e-28
7.331263641941200653e-28
8.773547188185552078e-28
1.021583073442990350e-27
1.165811428067425493e-27
1.310039782691860635e-27
1.454268137316295778e-27
1.598496491940730920e-27
1.742724846565165704e-27
1.886953201189601026e-27
2.031181555814035989e-27
2.175409910438471311e-27
2.319638265062906274e-27
2.463866619687341237e-27
2.608094974311776559e-27
2.752323328936211522e-27
2.896551683560646844e-27
3.040780038185081807e-27
3.185008392809517129e-27
3.329236747433952451e-27
3.473465102058387055e-27
3.617693456682822377e-27
3.761921811307257699e-27
3.906150165931692303e-27
4.050378520556127625e-27
4.194606875180562947e-27
