1.387752236809987286e-29
1.808863260393707463e-28
3.478951297106416450e-28
5.149039333819124539e-28
6.819127370531833526e-28
8.489215407244542513e-28
1.015930344395725060e-27
1.182939148066996049e-27
1.349947951738266858e-27
1.516956755409537667e-27
1.683965559080808655e-27
1.850974362752079643e-27
2.017983166423350273e-27
2.184991970094621261e-27
2.352000773765892250e-27
2.519009577437162879e-27
2.686018381108433868e-27
2.853027184779704856e-27
3.020035988450975485e-27
3.187044792122246474e-27
3.354053595793517462e-27
3.521062399464788092e-27
3.688071203136059439e-27
3.855080006807330068e-27
4.022088810478600698e-27
4.189097614149872045e-27
4.356106417821142675e-27
4.523115221492413304e-27
4.690124025163684651e-27
4.857132828834955281e-27
