1.183510150217243942e-29
1.542644264765924763e-28
2.966937514510125398e-28
4.391230764254325136e-28
5.815524013998525772e-28
7.239817263742726407e-28
8.664110513486927042e-28
1.008840376323112768e-27
1.151269701297532831e-27
1.293699026271952895e-27
1.436128351246372958e-27
1.578557676220793022e-27
1.720987001195212906e-27
1.863416326169632969e-27
2.005845651144053033e-27
2.148274976118473096e-27
2.290704301092893160e-27
2.433133626067313223e-27
2.575562951041733287e-27
2.717992276016153350e-27
2.860421600990573414e-27
3.002850925964993477e-27
3.145280250939413541e-27
3.287709575913833246e-27
3.430138900888252951e-27
3.572568225862673373e-27
3.714997550837093078e-27
3.857426875811513500e-27
3.999856200785933205e-27
4.142285525760353627e-27
