1.249583447893012545e-29
1.628767390701926773e-28
3.132576436614552025e-28
4.636385482527177501e-28
6.140194528439802978e-28
7.644003574352428454e-28
9.147812620265054827e-28
1.065162166617768120e-27
1.215543071209030578e-27
1.365923975800293036e-27
1.516304880391555673e-27
1.666685784982818131e-27
1.817066689574080589e-27
1.967447594165343047e-27
2.117828498756605864e-27
2.268209403347868322e-27
2.418590307939130780e-27
2.568971212530393238e-27
2.719352117121655696e-27
2.869733021712918512e-27
3.020113926304180970e-27
3.170494830895443428e-27
3.320875735486706245e-27
3.471256640077968703e-27
3.621637544669231161e-27
3.772018449260493619e-27
3.922399353851756077e-27
4.072780258443018535e-27
4.223161163034281710e-27
4.373542067625544168e-27
