2.425388796255385231e-29
3.161368844774260827e-28
6.080198809922983355e-28
8.999028775071706780e-28
1.191785874022042931e-27
1.483668870536915184e-27
1.775551867051787436e-27
2.067434863566659689e-27
2.359317860081531942e-27
2.651200856596404195e-27
2.943083853111276448e-27
3.234966849626148342e-27
3.526849846141020953e-27
3.818732842655892847e-27
4.110615839170765459e-27
4.402498835685638070e-27
4.694381832200509965e-27
4.986264828715381859e-27
5.278147825230254470e-27
5.570030821745127082e-27
5.861913818259998976e-27
6.153796814774870870e-27
6.445679811289743481e-27
6.737562807804616093e-27
7.029445804319487987e-27
7.321328800834359881e-27
7.613211797349231775e-27
7.905094793864105104e-27
8.196977790378976998e-27
8.488860786893848892e-27
