1.640565513076260743e-29
2.138392289458022423e-28
4.112728027608419444e-28
6.087063765758815568e-28
8.061399503909212589e-28
1.003573524205960961e-27
1.201007098021000484e-27
1.398440671836040186e-27
1.595874245651079888e-27
1.793307819466119590e-27
1.990741393281159292e-27
2.188174967096198994e-27
2.385608540911238338e-27
2.583042114726278040e-27
2.780475688541317742e-27
2.977909262356357444e-27
3.175342836171397146e-27
3.372776409986436131e-27
3.570209983801476191e-27
3.767643557616515535e-27
3.965077131431555596e-27
4.162510705246594939e-27
4.359944279061635000e-27
4.557377852876674343e-27
4.754811426691713687e-27
4.952245000506753747e-27
5.149678574321793091e-27
5.347112148136833152e-27
5.544545721951872495e-27
5.741979295766912556e-27
