1.632001367178389180e-29
2.127229368253210283e-28
4.091258599788581985e-28
6.055287831323953238e-28
8.019317062859324491e-28
9.983346294394695744e-28
1.194737552593006789e-27
1.391140475746543825e-27
1.587543398900081040e-27
1.783946322053618255e-27
1.980349245207155470e-27
2.176752168360692685e-27
2.373155091514229900e-27
2.569558014667767115e-27
2.765960937821303971e-27
2.962363860974841186e-27
3.158766784128378401e-27
3.355169707281915616e-27
3.551572630435452472e-27
3.747975553588990046e-27
3.944378476742526902e-27
4.140781399896064476e-27
4.337184323049601332e-27
4.533587246203138189e-27
4.729990169356675762e-27
4.926393092510212619e-27
5.122796015663750192e-27
5.319198938817287049e-27
5.515601861970823905e-27
5.712004785124361479e-27
