3.925621869992704008e-29
5.116845058128421364e-28
9.841127929257571430e-28
1.456541080038672419e-27
1.928969367151587336e-27
2.401397654264502611e-27
2.873825941377417528e-27
3.346254228490332445e-27
3.818682515603247721e-27
4.291110802716162997e-27
4.763539089829078272e-27
5.235967376941992831e-27
5.708395664054908106e-27
6.180823951167823382e-27
6.653252238280737940e-27
7.125680525393653216e-27
7.598108812506568492e-27
8.070537099619483767e-27
8.542965386732399043e-27
9.015393673845314319e-27
9.487821960958229594e-27
9.960250248071143435e-27
1.043267853518405871e-26
1.090510682229697399e-26
1.137753510940988926e-26
1.184996339652280454e-26
1.232239168363571981e-26
1.279481997074863509e-26
1.326724825786154893e-26
1.373967654497446421e-26
