1.954209937789643723e-29
2.547211574084432109e-28
4.899002154389899957e-28
7.250792734695367357e-28
9.602583315000835654e-28
1.195437389530630395e-27
1.430616447561177045e-27
1.665795505591723875e-27
1.900974563622270705e-27
2.136153621652817534e-27
2.371332679683364364e-27
2.606511737713911194e-27
2.841690795744457665e-27
3.076869853775004494e-27
3.312048911805551324e-27
3.547227969836098513e-27
3.782407027866644984e-27
4.017586085897191454e-27
4.252765143927738643e-27
4.487944201958285114e-27
4.723123259988832302e-27
4.958302318019378773e-27
5.193481376049925962e-27
5.428660434080472433e-27
5.663839492111018904e-27
5.899018550141566092e-27
6.134197608172112563e-27
6.369376666202659751e-27
6.604555724233206940e-27
6.839734782263753411e-27
