2.386066837863344143e-29
3.110114705904634997e-28
5.981622728022936113e-28
8.853130750141234987e-28
1.172463877225953655e-27
1.459614679437783811e-27
1.746765481649613789e-27
2.033916283861443945e-27
2.321067086073274101e-27
2.608217888285104258e-27
2.895368690496934414e-27
3.182519492708764212e-27
3.469670294920594009e-27
3.756821097132424525e-27
4.043971899344254322e-27
4.331122701556084837e-27
4.618273503767914635e-27
4.905424305979744433e-27
5.192575108191574948e-27
5.479725910403404746e-27
5.766876712615235261e-27
6.054027514827065058e-27
6.341178317038894856e-27
6.628329119250723936e-27
6.915479921462553734e-27
7.202630723674384967e-27
7.489781525886214764e-27
7.776932328098044562e-27
8.064083130309874360e-27
8.351233932521704157e-27
