1.234984941637818657e-29
1.609738992893432244e-28
3.095979491623082650e-28
4.582219990352733505e-28
6.068460489082383463e-28
7.554700987812033420e-28
9.040941486541685172e-28
1.052718198527133513e-27
1.201342248400098509e-27
1.349966298273063505e-27
1.498590348146028500e-27
1.647214398018993675e-27
1.795838447891958851e-27
1.944462497764923667e-27
2.093086547637888842e-27
2.241710597510853659e-27
2.390334647383818834e-27
2.538958697256784009e-27
2.687582747129748825e-27
2.836206797002714000e-27
2.984830846875678817e-27
3.133454896748643992e-27
3.282078946621609526e-27
3.430702996494574701e-27
3.579327046367539876e-27
3.727951096240504334e-27
3.876575146113469509e-27
4.025199195986434684e-27
4.173823245859399859e-27
4.322447295732365035e-27
