1.604030543430627168e-29
2.090770846264748601e-28
4.021138638186434149e-28
5.951506430108119697e-28
7.881874222029805694e-28
9.812242013951492587e-28
1.174260980587317769e-27
1.367297759779486458e-27
1.560334538971654968e-27
1.753371318163823657e-27
1.946408097355992167e-27
2.139444876548160677e-27
2.332481655740329187e-27
2.525518434932497697e-27
2.718555214124666566e-27
2.911591993316835076e-27
3.104628772509003586e-27
3.297665551701172454e-27
3.490702330893340964e-27
3.683739110085509474e-27
3.876775889277677984e-27
4.069812668469846494e-27
4.262849447662015004e-27
4.455886226854183514e-27
4.648923006046352024e-27
4.841959785238520534e-27
5.034996564430689044e-27
5.228033343622858272e-27
5.421070122815026782e-27
5.614106902007195292e-27
