2.337853876445229771e-29
3.047271604469989208e-28
5.860757821295455271e-28
8.674244038120920437e-28
1.148773025494638650e-27
1.430121647177185256e-27
1.711470268859732042e-27
1.992818890542278828e-27
2.274167512224825254e-27
2.555516133907371681e-27
2.836864755589918467e-27
3.118213377272465253e-27
3.399561998955011321e-27
3.680910620637557748e-27
3.962259242320104892e-27
4.243607864002651319e-27
4.524956485685197746e-27
4.806305107367744173e-27
5.087653729050290600e-27
5.369002350732837744e-27
5.650350972415384171e-27
5.931699594097930598e-27
6.213048215780477742e-27
6.494396837463024887e-27
6.775745459145571314e-27
7.057094080828117741e-27
7.338442702510664168e-27
7.619791324193210595e-27
7.901139945875758456e-27
8.182488567558304883e-27
