1.262416669053451781e-29
1.645494830697257912e-28
3.164747994489170589e-28
4.684001158281083042e-28
6.203254322072995944e-28
7.722507485864908846e-28
9.241760649656820851e-28
1.076101381344873375e-27
1.228026697724064665e-27
1.379952014103255956e-27
1.531877330482447246e-27
1.683802646861638177e-27
1.835727963240829467e-27
1.987653279620020758e-27
2.139578595999212048e-27
2.291503912378403338e-27
2.443429228757594628e-27
2.595354545136785918e-27
2.747279861515977208e-27
2.899205177895168499e-27
3.051130494274359789e-27
3.203055810653551079e-27
3.354981127032742369e-27
3.506906443411933659e-27
3.658831759791124949e-27
3.810757076170316240e-27
3.962682392549507530e-27
4.114607708928698820e-27
4.266533025307890110e-27
4.418458341687081400e-27
