1.155793225602545765e-29
1.506516687164697337e-28
2.897454051769140070e-28
4.288391416373583027e-28
5.679328780978025536e-28
7.070266145582468045e-28
8.461203510186910554e-28
9.852140874791353062e-28
1.124307823939579557e-27
1.263401560400023808e-27
1.402495296860468059e-27
1.541589033320912310e-27
1.680682769781356919e-27
1.819776506241801170e-27
1.958870242702245421e-27
2.097963979162689672e-27
2.237057715623133923e-27
2.376151452083578174e-27
2.515245188544022425e-27
2.654338925004466675e-27
2.793432661464910926e-27
2.932526397925355177e-27
3.071620134385799428e-27
3.210713870846243679e-27
3.349807607306688289e-27
3.488901343767132539e-27
3.627995080227576790e-27
3.767088816688021041e-27
3.906182553148465292e-27
4.045276289608909543e-27
