2.515927231826132608e-29
3.279381012518200807e-28
6.307169301853787766e-28
9.334957591189376517e-28
1.236274588052496348e-27
1.539053416986055043e-27
1.841832245919613919e-27
2.144611074853172614e-27
2.447389903786731310e-27
2.750168732720290006e-27
3.052947561653848702e-27
3.355726390587407398e-27
3.658505219520966093e-27
3.961284048454524789e-27
4.264062877388083485e-27
4.566841706321642181e-27
4.869620535255200877e-27
5.172399364188759572e-27
5.475178193122318268e-27
5.777957022055876964e-27
6.080735850989435660e-27
6.383514679922994356e-27
6.686293508856553769e-27
6.989072337790111747e-27
7.291851166723671161e-27
7.594629995657229139e-27
7.897408824590788552e-27
8.200187653524346530e-27
8.502966482457905944e-27
8.805745311391463922e-27
