1.243374256482320139e-29
1.620674030863162183e-28
3.117010636078092283e-28
4.613347241293022158e-28
6.109683846507952033e-28
7.606020451722881908e-28
9.102357056937813577e-28
1.059869366215274255e-27
1.209503026736767333e-27
1.359136687258260410e-27
1.508770347779753308e-27
1.658404008301246385e-27
1.808037668822739462e-27
1.957671329344232539e-27
2.107304989865725258e-27
2.256938650387218335e-27
2.406572310908711412e-27
2.556205971430204489e-27
2.705839631951697566e-27
2.855473292473190285e-27
3.005106952994683362e-27
3.154740613516176439e-27
3.304374274037669158e-27
3.454007934559162235e-27
3.603641595080655312e-27
3.753275255602148389e-27
3.902908916123641467e-27
4.052542576645133826e-27
4.202176237166626903e-27
4.351809897688119981e-27
