1.816564453053560639e-29
2.367797804324985844e-28
4.553939163344615624e-28
6.740080522364245404e-28
8.926221881383875184e-28
1.111236324040350586e-27
1.329850459942313474e-27
1.548464595844276363e-27
1.767078731746239610e-27
1.985692867648202677e-27
2.204307003550165745e-27
2.422921139452128095e-27
2.641535275354091163e-27
2.860149411256054231e-27
3.078763547158017298e-27
3.297377683059980366e-27
3.515991818961943434e-27
3.734605954863906501e-27
3.953220090765869569e-27
4.171834226667832637e-27
4.390448362569795705e-27
4.609062498471758055e-27
4.827676634373721122e-27
5.046290770275684190e-27
5.264904906177647258e-27
5.483519042079610325e-27
5.702133177981573393e-27
5.920747313883536461e-27
6.139361449785498811e-27
6.357975585687461879e-27
