1.651381164038007181e-29
2.152489931056437024e-28
4.139841745709072882e-28
6.127193560361710084e-28
8.114545375014345493e-28
1.010189718966698270e-27
1.208924900431961811e-27
1.407660081897225351e-27
1.606395263362489072e-27
1.805130444827752971e-27
2.003865626293016692e-27
2.202600807758280053e-27
2.401335989223543773e-27
2.600071170688807494e-27
2.798806352154070855e-27
2.997541533619334576e-27
3.196276715084598296e-27
3.395011896549861657e-27
3.593747078015125378e-27
3.792482259480389098e-27
3.991217440945652818e-27
4.189952622410915821e-27
4.388687803876179541e-27
4.587422985341443261e-27
4.786158166806706982e-27
4.984893348271970702e-27
5.183628529737234422e-27
5.382363711202498143e-27
5.581098892667761145e-27
5.779834074133024866e-27
