1.256171976481793450e-29
1.637355196931441189e-28
3.149093196214702936e-28
4.660831195497964682e-28
6.172569194781225980e-28
7.684307194064487278e-28
9.196045193347751267e-28
1.070778319263101256e-27
1.221952119191427386e-27
1.373125919119753516e-27
1.524299719048079646e-27
1.675473518976405776e-27
1.826647318904732264e-27
1.977821118833058394e-27
2.128994918761384524e-27
2.280168718689710654e-27
2.431342518618036783e-27
2.582516318546362913e-27
2.733690118474689043e-27
2.884863918403015173e-27
3.036037718331341303e-27
3.187211518259667791e-27
3.338385318187993204e-27
3.489559118116319333e-27
3.640732918044646181e-27
3.791906717972972310e-27
3.943080517901298440e-27
4.094254317829624570e-27
4.245428117757950700e-27
4.396601917686276830e-27
