1.645704659224747749e-29
2.145090900644670696e-28
4.125611335366866477e-28
6.106131770089062706e-28
8.086652204811258936e-28
1.006717263953345337e-27
1.204769307425564960e-27
1.402821350897784583e-27
1.600873394370004206e-27
1.798925437842223649e-27
1.996977481314443272e-27
2.195029524786662895e-27
2.393081568258882518e-27
2.591133611731102141e-27
2.789185655203321764e-27
2.987237698675541387e-27
3.185289742147761010e-27
3.383341785619980992e-27
3.581393829092200256e-27
3.779445872564420238e-27
3.977497916036639502e-27
4.175549959508859483e-27
4.373602002981078748e-27
4.571654046453298729e-27
4.769706089925517993e-27
4.967758133397737975e-27
5.165810176869957239e-27
5.363862220342177221e-27
5.561914263814396485e-27
5.759966307286616467e-27
