5.163364791722684394e-29
6.730178935417843758e-28
1.294402139166341784e-27
1.915786384790899462e-27
2.537170630415456960e-27
3.158554876040014458e-27
3.779939121664571957e-27
4.401323367289129096e-27
5.022707612913686953e-27
5.644091858538244810e-27
6.265476104162801950e-27
6.886860349787358372e-27
7.508244595411916229e-27
8.129628841036474085e-27
8.751013086661030508e-27
9.372397332285588364e-27
9.993781577910146221e-27
1.061516582353470408e-26
1.123655006915926194e-26
1.185793431478381836e-26
1.247931856040837621e-26
1.310070280603293407e-26
1.372208705165749049e-26
1.434347129728204979e-26
1.496485554290660621e-26
1.558623978853116263e-26
1.620762403415572192e-26
1.682900827978027834e-26
1.745039252540483477e-26
1.807177677102939406e-26
