1.291263140180817071e-29
1.683094713752926984e-28
3.237063113487771952e-28
4.791031513222617818e-28
6.344999912957462786e-28
7.898968312692307755e-28
9.452936712427152724e-28
1.100690511216199769e-27
1.256087351189684266e-27
1.411484191163168763e-27
1.566881031136653260e-27
1.722277871110137936e-27
1.877674711083622612e-27
2.033071551057106930e-27
2.188468391030591606e-27
2.343865231004075923e-27
2.499262070977560600e-27
2.654658910951045276e-27
2.810055750924529593e-27
2.965452590898014270e-27
3.120849430871498587e-27
3.276246270844982905e-27
3.431643110818467581e-27
3.587039950791952257e-27
3.742436790765436933e-27
3.897833630738921609e-27
4.053230470712405568e-27
4.208627310685890244e-27
4.364024150659374921e-27
4.519420990632859597e-27
