1.238012665724824536e-29
1.613685474634426660e-28
3.103569682696370768e-28
4.593453890758314877e-28
6.083338098820258985e-28
7.573222306882203093e-28
9.063106514944146305e-28
1.055299072300609041e-27
1.204287493106803452e-27
1.353275913912997863e-27
1.502264334719192274e-27
1.651252755525386864e-27
1.800241176331581275e-27
1.949229597137775686e-27
2.098218017943970097e-27
2.247206438750164507e-27
2.396194859556358918e-27
2.545183280362553329e-27
2.694171701168747740e-27
2.843160121974942151e-27
2.992148542781136562e-27
3.141136963587330972e-27
3.290125384393525383e-27
3.439113805199719794e-27
3.588102226005914205e-27
3.737090646812108616e-27
3.886079067618303027e-27
4.035067488424497437e-27
4.184055909230691848e-27
4.333044330036886259e-27
