3.821246028944410027e-29
4.980796548072367877e-28
9.579468493250295928e-28
1.417814043842822219e-27
1.877681238360615024e-27
2.337548432878407829e-27
2.797415627396200275e-27
3.257282821913992722e-27
3.717150016431785527e-27
4.177017210949578332e-27
4.636884405467371137e-27
5.096751599985163942e-27
5.556618794502956030e-27
6.016485989020748835e-27
6.476353183538542358e-27
6.936220378056335163e-27
7.396087572574127968e-27
7.855954767091920773e-27
8.315821961609713578e-27
8.775689156127506383e-27
9.235556350645299188e-27
9.695423545163091993e-27
1.015529073968088480e-26
1.061515793419867760e-26
1.107502512871646897e-26
1.153489232323426178e-26
1.199475951775205458e-26
1.245462671226984739e-26
1.291449390678764019e-26
1.337436110130543300e-26
