1.242280444196984307e-29
1.619248303125724515e-28
3.114268561831750544e-28
4.609288820537776573e-28
6.104309079243802602e-28
7.599329337949828630e-28
9.094349596655854659e-28
1.058936985536188158e-27
1.208439011406790672e-27
1.357941037277393185e-27
1.507443063147995877e-27
1.656945089018598570e-27
1.806447114889201083e-27
1.955949140759803596e-27
2.105451166630406468e-27
2.254953192501008981e-27
2.404455218371611495e-27
2.553957244242214008e-27
2.703459270112816521e-27
2.852961295983419393e-27
3.002463321854021906e-27
3.151965347724624419e-27
3.301467373595226932e-27
3.450969399465829087e-27
3.600471425336431959e-27
3.749973451207034831e-27
3.899475477077636985e-27
4.048977502948239857e-27
4.198479528818842729e-27
4.347981554689444884e-27
