2.292434442639729596e-29
2.988069721785578739e-28
5.746895999307184407e-28
8.505722276828788281e-28
1.126454855435039485e-27
1.402337483187200141e-27
1.678220110939360439e-27
1.954102738691521095e-27
2.229985366443681752e-27
2.505867994195842408e-27
2.781750621948003064e-27
3.057633249700163362e-27
3.333515877452324019e-27
3.609398505204485034e-27
3.885281132956645332e-27
4.161163760708806347e-27
4.437046388460966644e-27
4.712929016213126942e-27
4.988811643965287957e-27
5.264694271717448255e-27
5.540576899469609270e-27
5.816459527221769568e-27
6.092342154973929866e-27
6.368224782726090881e-27
6.644107410478250461e-27
6.919990038230411476e-27
7.195872665982572491e-27
7.471755293734733507e-27
7.747637921486893087e-27
8.023520549239054102e-27
