1.273159883294346781e-29
1.659498054776769210e-28
3.191680121224103799e-28
4.723862187671438611e-28
6.256044254118772975e-28
7.788226320566107339e-28
9.320408387013443497e-28
1.085259045346077786e-27
1.238477251990811222e-27
1.391695458635544659e-27
1.544913665280278095e-27
1.698131871925011532e-27
1.851350078569745147e-27
2.004568285214478404e-27
2.157786491859212020e-27
2.311004698503945277e-27
2.464222905148678893e-27
2.617441111793412509e-27
2.770659318438145766e-27
2.923877525082879382e-27
3.077095731727612639e-27
3.230313938372346254e-27
3.383532145017079153e-27
3.536750351661812769e-27
3.689968558306546384e-27
3.843186764951280000e-27
3.996404971596012898e-27
4.149623178240746514e-27
4.302841384885480130e-27
4.456059591530213746e-27
