1.201274365977505250e-29
1.565799001170679212e-28
3.011470565743608207e-28
4.457142130316536754e-28
5.902813694889465749e-28
7.348485259462394745e-28
8.794156824035322843e-28
1.023982838860825184e-27
1.168549995318118083e-27
1.313117151775410983e-27
1.457684308232703882e-27
1.602251464689996782e-27
1.746818621147289323e-27
1.891385777604582222e-27
2.035952934061875122e-27
2.180520090519168021e-27
2.325087246976460921e-27
2.469654403433753820e-27
2.614221559891046720e-27
2.758788716348339619e-27
2.903355872805632519e-27
3.047923029262925419e-27
3.192490185720218318e-27
3.337057342177511218e-27
3.481624498634803758e-27
3.626191655092097017e-27
3.770758811549389557e-27
3.915325968006682816e-27
4.059893124463975357e-27
4.204460280921268615e-27
