1.253788135622424168e-29
1.634247983673366716e-28
3.143117153784490736e-28
4.651986323895614979e-28
6.160855494006739223e-28
7.669724664117863466e-28
9.178593834228987710e-28
1.068746300434011106e-27
1.219633217445123620e-27
1.370520134456236134e-27
1.521407051467348468e-27
1.672293968478460982e-27
1.823180885489573496e-27
1.974067802500686011e-27
2.124954719511798166e-27
2.275841636522910680e-27
2.426728553534023194e-27
2.577615470545135708e-27
2.728502387556248222e-27
2.879389304567360377e-27
3.030276221578472891e-27
3.181163138589585405e-27
3.332050055600697202e-27
3.482936972611809716e-27
3.633823889622922230e-27
3.784710806634034744e-27
3.935597723645147258e-27
4.086484640656259772e-27
4.237371557667371569e-27
4.388258474678484083e-27
