1.449396053170897357e-29
1.889212786546893758e-28
3.633485967776697444e-28
5.377759149006502027e-28
7.122032330236305713e-28
8.866305511466109399e-28
1.061057869269591308e-27
1.235485187392571677e-27
1.409912505515552046e-27
1.584339823638532414e-27
1.758767141761512962e-27
1.933194459884493151e-27
2.107621778007473699e-27
2.282049096130453889e-27
2.456476414253434437e-27
2.630903732376414626e-27
2.805331050499395174e-27
2.979758368622375722e-27
3.154185686745355911e-27
3.328613004868336459e-27
3.503040322991317007e-27
3.677467641114296837e-27
3.851894959237277385e-27
4.026322277360257933e-27
4.200749595483238481e-27
4.375176913606219029e-27
4.549604231729198860e-27
4.724031549852179408e-27
4.898458867975159956e-27
5.072886186098140504e-27
