1.135344307295895959e-29
1.479862579854650589e-28
2.846190728979711261e-28
4.212518878104771932e-28
5.578847027229833051e-28
6.945175176354894171e-28
8.311503325479954394e-28
9.677831474605016410e-28
1.104415962373007663e-27
1.241048777285513686e-27
1.377681592198019887e-27
1.514314407110525910e-27
1.650947222023031932e-27
1.787580036935537954e-27
1.924212851848044335e-27
2.060845666760550357e-27
2.197478481673056380e-27
2.334111296585562402e-27
2.470744111498068424e-27
2.607376926410574805e-27
2.744009741323080828e-27
2.880642556235586850e-27
3.017275371148092872e-27
3.153908186060598894e-27
3.290541000973104917e-27
3.427173815885610939e-27
3.563806630798116961e-27
3.700439445710623701e-27
3.837072260623129723e-27
3.973705075535635745e-27
