2.295331187968954072e-29
2.991845479490567809e-28
5.754157840184240407e-28
8.516470200877914350e-28
1.127878256157158650e-27
1.404109492226525865e-27
1.680340728295893080e-27
1.956571964365260295e-27
2.232803200434627510e-27
2.509034436503994725e-27
2.785265672573361940e-27
3.061496908642729155e-27
3.337728144712096728e-27
3.613959380781463585e-27
3.890190616850831158e-27
4.166421852920198014e-27
4.442653088989565588e-27
4.718884325058933162e-27
4.995115561128300018e-27
5.271346797197667592e-27
5.547578033267034448e-27
5.823809269336402022e-27
6.100040505405768878e-27
6.376271741475136452e-27
6.652502977544504025e-27
6.928734213613870881e-27
7.204965449683237738e-27
7.481196685752606029e-27
7.757427921821972885e-27
8.033659157891339741e-27
