1.232193667423129177e-29
1.606100711330837151e-28
3.088982055919361329e-28
4.571863400507885731e-28
6.054744745096409685e-28
7.537626089684933638e-28
9.020507434273457592e-28
1.050338877886198155e-27
1.198627012345050550e-27
1.346915146803902945e-27
1.495203281262755341e-27
1.643491415721607915e-27
1.791779550180460490e-27
1.940067684639312706e-27
2.088355819098165281e-27
2.236643953557017497e-27
2.384932088015870071e-27
2.533220222474722646e-27
2.681508356933574862e-27
2.829796491392427437e-27
2.978084625851279653e-27
3.126372760310132228e-27
3.274660894768984444e-27
3.422949029227837018e-27
3.571237163686689593e-27
3.719525298145542168e-27
3.867813432604394025e-27
4.016101567063246600e-27
4.164389701522099174e-27
4.312677835980951749e-27
