2.955355403105152438e-29
3.852152904737060730e-28
7.408770269163606048e-28
1.096538763359015137e-27
1.452200499801669668e-27
1.807862236244324200e-27
2.163523972686978732e-27
2.519185709129633264e-27
2.874847445572287795e-27
3.230509182014942327e-27
3.586170918457596859e-27
3.941832654900251391e-27
4.297494391342905923e-27
4.653156127785560454e-27
5.008817864228214986e-27
5.364479600670869518e-27
5.720141337113524050e-27
6.075803073556178582e-27
6.431464809998833113e-27
6.787126546441486928e-27
7.142788282884141459e-27
7.498450019326795991e-27
7.854111755769450523e-27
8.209773492212105055e-27
8.565435228654759587e-27
8.921096965097414118e-27
9.276758701540068650e-27
9.632420437982723182e-27
9.988082174425377714e-27
1.034374391086803225e-26
