3.092780175724675318e-29
4.031278987668714678e-28
7.753279957764962498e-28
1.147528092786121032e-27
1.519728189795745724e-27
1.891928286805370237e-27
2.264128383814995108e-27
2.636328480824619621e-27
3.008528577834244493e-27
3.380728674843869364e-27
3.752928771853493877e-27
4.125128868863118390e-27
4.497328965872743621e-27
4.869529062882368133e-27
5.241729159891992646e-27
5.613929256901617877e-27
5.986129353911242390e-27
6.358329450920866902e-27
6.730529547930492850e-27
7.102729644940116646e-27
7.474929741949741876e-27
7.847129838959367106e-27
8.219329935968990902e-27
8.591530032978616132e-27
8.963730129988241362e-27
9.335930226997865158e-27
9.708130324007490388e-27
1.008033042101711562e-26
1.045253051802673941e-26
1.082473061503636464e-26
