1.413705576373122612e-29
1.842692096100139027e-28
3.544013634562965708e-28
5.245335173025791717e-28
6.946656711488618623e-28
8.647978249951445529e-28
1.034929978841427154e-27
1.205062132687709934e-27
1.375194286533992535e-27
1.545326440380275136e-27
1.715458594226558095e-27
1.885590748072840696e-27
2.055722901919123297e-27
2.225855055765405898e-27
2.395987209611688858e-27
2.566119363457971459e-27
2.736251517304254060e-27
2.906383671150536660e-27
3.076515824996819261e-27
3.246647978843101504e-27
3.416780132689384463e-27
3.586912286535666705e-27
3.757044440381949665e-27
3.927176594228232625e-27
4.097308748074514867e-27
4.267440901920797826e-27
4.437573055767080069e-27
4.607705209613363028e-27
4.777837363459645988e-27
4.947969517305928230e-27
