2.393659146643587547e-29
3.120010887694055703e-28
6.000655860723752176e-28
8.881300833753448648e-28
1.176194580678314602e-27
1.464259077981284339e-27
1.752323575284254076e-27
2.040388072587223992e-27
2.328452569890193549e-27
2.616517067193163107e-27
2.904581564496133023e-27
3.192646061799102581e-27
3.480710559102071779e-27
3.768775056405041337e-27
4.056839553708011612e-27
4.344904051010981170e-27
4.632968548313950727e-27
4.921033045616920285e-27
5.209097542919889842e-27
5.497162040222860117e-27
5.785226537525829675e-27
6.073291034828799232e-27
6.361355532131768790e-27
6.649420029434739065e-27
6.937484526737707905e-27
7.225549024040678180e-27
7.513613521343647020e-27
7.801678018646617295e-27
8.089742515949587570e-27
8.377807013252556410e-27
