1.295229933811843523e-29
1.688265224071988763e-28
3.247007454762793201e-28
4.805749685453597191e-28
6.364491916144402078e-28
7.923234146835206964e-28
9.481976377526010057e-28
1.104071860821681494e-27
1.259946083890761983e-27
1.415820306959842472e-27
1.571694530028922960e-27
1.727568753098003628e-27
1.883442976167083758e-27
2.039317199236164247e-27
2.195191422305244736e-27
2.351065645374325224e-27
2.506939868443405713e-27
2.662814091512486202e-27
2.818688314581566690e-27
2.974562537650647179e-27
3.130436760719727668e-27
3.286310983788807798e-27
3.442185206857888645e-27
3.598059429926968775e-27
3.753933652996048905e-27
3.909807876065129752e-27
4.065682099134209882e-27
4.221556322203290730e-27
4.377430545272370860e-27
4.533304768341451707e-27
