3.065734915000102550e-29
3.996026889207029702e-28
7.685480286914049261e-28
1.137493368462106927e-27
1.506438708232808928e-27
1.875384048003510749e-27
2.244329387774212570e-27
2.613274727544914751e-27
2.982220067315616572e-27
3.351165407086318752e-27
3.720110746857020574e-27
4.089056086627722395e-27
4.458001426398424216e-27
4.826946766169126038e-27
5.195892105939828577e-27
5.564837445710530398e-27
5.933782785481232219e-27
6.302728125251934041e-27
6.671673465022637297e-27
7.040618804793338401e-27
7.409564144564040940e-27
7.778509484334742044e-27
8.147454824105444583e-27
8.516400163876147122e-27
8.885345503646848226e-27
9.254290843417550764e-27
9.623236183188251868e-27
9.992181522958954407e-27
1.036112686272965695e-26
1.073007220250035805e-26
