2.568107870328062211e-29
3.347395775806921730e-28
6.437980764581037406e-28
9.528565753355152186e-28
1.261915074212926876e-27
1.570973573090338533e-27
1.880032071967749832e-27
2.189090570845161489e-27
2.498149069722573147e-27
2.807207568599984804e-27
3.116266067477396461e-27
3.425324566354808477e-27
3.734383065232219417e-27
4.043441564109631075e-27
4.352500062987042732e-27
4.661558561864454389e-27
4.970617060741866047e-27
5.279675559619277704e-27
5.588734058496689361e-27
5.897792557374101019e-27
6.206851056251512676e-27
6.515909555128923616e-27
6.824968054006335991e-27
7.134026552883746931e-27
7.443085051761157871e-27
7.752143550638570245e-27
8.061202049515981185e-27
8.370260548393393560e-27
8.679319047270804500e-27
8.988377546148216875e-27
