1.748400484047416349e-29
2.278949596448011334e-28
4.383059144491281201e-28
6.487168692534550619e-28
8.591278240577821831e-28
1.069538778862109215e-27
1.279949733666436067e-27
1.490360688470763098e-27
1.700771643275089951e-27
1.911182598079416982e-27
2.121593552883744014e-27
2.332004507688071045e-27
2.542415462492397718e-27
2.752826417296724749e-27
2.963237372101051781e-27
3.173648326905378813e-27
3.384059281709706203e-27
3.594470236514032876e-27
3.804881191318360266e-27
4.015292146122686939e-27
4.225703100927014329e-27
4.436114055731341002e-27
4.646525010535668392e-27
4.856935965339995065e-27
5.067346920144321738e-27
5.277757874948649128e-27
5.488168829752975801e-27
5.698579784557303191e-27
5.908990739361629864e-27
6.119401694165956537e-27
