1.772388967892507964e-29
2.310217344356441053e-28
4.443195791923630833e-28
6.576174239490821062e-28
8.709152687058012188e-28
1.084213113462520242e-27
1.297510958219239265e-27
1.510808802975958287e-27
1.724106647732677310e-27
1.937404492489396154e-27
2.150702337246115356e-27
2.364000182002834558e-27
2.577298026759553402e-27
2.790595871516272245e-27
3.003893716272991447e-27
3.217191561029710650e-27
3.430489405786429493e-27
3.643787250543148337e-27
3.857085095299867180e-27
4.070382940056586741e-27
4.283680784813305585e-27
4.496978629570024428e-27
4.710276474326743989e-27
4.923574319083462833e-27
5.136872163840181676e-27
5.350170008596900520e-27
5.563467853353619363e-27
5.776765698110338924e-27
5.990063542867057768e-27
6.203361387623777329e-27
