1.349813481066959074e-29
1.759412054632105270e-28
3.383842761157514604e-28
5.008273467682923041e-28
6.632704174208332824e-28
8.257134880733743503e-28
9.881565587259151492e-28
1.150599629378456128e-27
1.313042700030997106e-27
1.475485770683538084e-27
1.637928841336079062e-27
1.800371911988620041e-27
1.962814982641160660e-27
2.125258053293701638e-27
2.287701123946242617e-27
2.450144194598783595e-27
2.612587265251324573e-27
2.775030335903865551e-27
2.937473406556406530e-27
3.099916477208947508e-27
3.262359547861488486e-27
3.424802618514029106e-27
3.587245689166570443e-27
3.749688759819111062e-27
3.912131830471651682e-27
4.074574901124193019e-27
4.237017971776733638e-27
4.399461042429274975e-27
4.561904113081815595e-27
4.724347183734356932e-27
