1.237646419388577635e-29
1.613208091478904509e-28
3.102651541018950989e-28
4.592094990558997917e-28
6.081538440099044396e-28
7.570981889639090876e-28
9.060425339179138252e-28
1.054986878871918473e-27
1.203931223825923121e-27
1.352875568779927769e-27
1.501819913733932417e-27
1.650764258687937065e-27
1.799708603641941892e-27
1.948652948595946361e-27
2.097597293549951188e-27
2.246541638503955657e-27
2.395485983457960484e-27
2.544430328411965311e-27
2.693374673365969780e-27
2.842319018319974607e-27
2.991263363273979076e-27
3.140207708227983903e-27
3.289152053181988731e-27
3.438096398135993558e-27
3.587040743089998385e-27
3.735985088044003213e-27
3.884929432998007322e-27
4.033873777952012150e-27
4.182818122906016977e-27
4.331762467860021804e-27
