1.459224814907713876e-29
1.902024069086606135e-28
3.658125656682440602e-28
5.414227244278275518e-28
7.170328831874110433e-28
8.926430419469945349e-28
1.068253200706577937e-27
1.243863359466161518e-27
1.419473518225744920e-27
1.595083676985328322e-27
1.770693835744911724e-27
1.946303994504495305e-27
2.121914153264078527e-27
2.297524312023662109e-27
2.473134470783245690e-27
2.648744629542828912e-27
2.824354788302412494e-27
2.999964947061996075e-27
3.175575105821579297e-27
3.351185264581163596e-27
3.526795423340746819e-27
3.702405582100330041e-27
3.878015740859913981e-27
4.053625899619497204e-27
4.229236058379080426e-27
4.404846217138664366e-27
4.580456375898247589e-27
4.756066534657830811e-27
4.931676693417414751e-27
5.107286852176997974e-27
