9.200701433207048066e-29
1.199263841983539211e-27
2.306520669635007717e-27
3.413777497286476582e-27
4.521034324937945088e-27
5.628291152589413594e-27
6.735547980240882817e-27
7.842804807892351323e-27
8.950061635543819829e-27
1.005731846319528834e-26
1.116457529084675684e-26
1.227183211849822535e-26
1.337908894614969672e-26
1.448634577380116523e-26
1.559360260145263374e-26
1.670085942910410224e-26
1.780811625675557075e-26
1.891537308440703925e-26
2.002262991205850776e-26
2.112988673970997627e-26
2.223714356736144477e-26
2.334440039501291328e-26
2.445165722266438178e-26
2.555891405031585029e-26
2.666617087796732167e-26
2.777342770561879017e-26
2.888068453327025868e-26
2.998794136092172718e-26
3.109519818857319569e-26
3.220245501622466420e-26
