1.308265472714167025e-29
1.705256374779155553e-28
3.279686202286894655e-28
4.854116029794633309e-28
6.428545857302371964e-28
8.002975684810110618e-28
9.577405512317851066e-28
1.115183533982558972e-27
1.272626516733332837e-27
1.430069499484106703e-27
1.587512482234880568e-27
1.744955464985654254e-27
1.902398447736428299e-27
2.059841430487201985e-27
2.217284413237976030e-27
2.374727395988749716e-27
2.532170378739523761e-27
2.689613361490297805e-27
2.847056344241071492e-27
3.004499326991845536e-27
3.161942309742619222e-27
3.319385292493392908e-27
3.476828275244166953e-27
3.634271257994940998e-27
3.791714240745715043e-27
3.949157223496489087e-27
4.106600206247262415e-27
4.264043188998036460e-27
4.421486171748810504e-27
4.578929154499584549e-27
