1.333312621430313289e-29
1.737904037588477132e-28
3.342476813033922655e-28
4.947049588479368850e-28
6.551622363924814597e-28
8.156195139370259447e-28
9.760767914815706091e-28
1.136534069026115094e-27
1.296991346570659759e-27
1.457448624115204423e-27
1.617905901659748729e-27
1.778363179204293393e-27
1.938820456748838057e-27
2.099277734293382722e-27
2.259735011837927027e-27
2.420192289382471692e-27
2.580649566927016356e-27
2.741106844471561020e-27
2.901564122016105685e-27
3.062021399560649991e-27
3.222478677105194655e-27
3.382935954649738961e-27
3.543393232194283625e-27
3.703850509738828289e-27
3.864307787283372954e-27
4.024765064827917618e-27
4.185222342372462282e-27
4.345679619917006947e-27
4.506136897461550894e-27
4.666594175006095558e-27
