1.264351474647149462e-29
1.648016749712491342e-28
3.169598351960267429e-28
4.691179954208043741e-28
6.212761556455820501e-28
7.734343158703597262e-28
9.255924760951371331e-28
1.077750636319914809e-27
1.229908796544692485e-27
1.382066956769470161e-27
1.534225116994247837e-27
1.686383277219025513e-27
1.838541437443803010e-27
1.990699597668580865e-27
2.142857757893358362e-27
2.295015918118136217e-27
2.447174078342913714e-27
2.599332238567691211e-27
2.751490398792469066e-27
2.903648559017246563e-27
3.055806719242024418e-27
3.207964879466801915e-27
3.360123039691579411e-27
3.512281199916357267e-27
3.664439360141134405e-27
3.816597520365912260e-27
3.968755680590690115e-27
4.120913840815467971e-27
4.273072001040245109e-27
4.425230161265022964e-27
