2.327062430744548356e-29
3.033205513177376781e-28
5.833704783280298221e-28
8.634204053383221455e-28
1.143470332348614290e-27
1.423520259358906434e-27
1.703570186369198578e-27
1.983620113379490722e-27
2.263670040389782866e-27
2.543719967400075010e-27
2.823769894410367154e-27
3.103819821420659298e-27
3.383869748430951801e-27
3.663919675441243586e-27
3.943969602451536089e-27
4.224019529461827874e-27
4.504069456472120377e-27
4.784119383482412880e-27
5.064169310492704665e-27
5.344219237502997168e-27
5.624269164513288953e-27
5.904319091523581456e-27
6.184369018533873241e-27
6.464418945544166461e-27
6.744468872554458247e-27
7.024518799564750032e-27
7.304568726575041817e-27
7.584618653585335038e-27
7.864668580595626823e-27
8.144718507605918608e-27
