1.234175644921244202e-29
1.608684116483552676e-28
3.093950668474981254e-28
4.579217220466409159e-28
6.064483772457837513e-28
7.549750324449265866e-28
9.035016876440694220e-28
1.052028342843212347e-27
1.200554998042355093e-27
1.349081653241497838e-27
1.497608308440640763e-27
1.646134963639783689e-27
1.794661618838926434e-27
1.943188274038069180e-27
2.091714929237212284e-27
2.240241584436355030e-27
2.388768239635497776e-27
2.537294894834640521e-27
2.685821550033783267e-27
2.834348205232926372e-27
2.982874860432069117e-27
3.131401515631211863e-27
3.279928170830354967e-27
3.428454826029497713e-27
3.576981481228640459e-27
3.725508136427783204e-27
3.874034791626925950e-27
4.022561446826068696e-27
4.171088102025212159e-27
4.319614757224354905e-27
