2.500660871657803983e-29
3.259482101678103007e-28
6.268898116190425503e-28
9.278314130702747102e-28
1.228773014521506960e-27
1.529714615972739209e-27
1.830656217423971459e-27
2.131597818875203888e-27
2.432539420326435958e-27
2.733481021777668029e-27
3.034422623228900458e-27
3.335364224680132887e-27
3.636305826131364957e-27
3.937247427582597027e-27
4.238189029033829815e-27
4.539130630485061885e-27
4.840072231936293955e-27
5.141013833387526026e-27
5.441955434838758096e-27
5.742897036289990884e-27
6.043838637741222954e-27
6.344780239192455024e-27
6.645721840643688529e-27
6.946663442094919882e-27
7.247605043546152670e-27
7.548546644997385458e-27
7.849488246448616810e-27
8.150429847899849598e-27
8.451371449351082386e-27
8.752313050802313739e-27
