1.293735232733720917e-29
1.686316958528781142e-28
3.243260393784189856e-28
4.800203829039598570e-28
6.357147264295007733e-28
7.914090699550416895e-28
9.471034134805825161e-28
1.102797757006123432e-27
1.258492100531664349e-27
1.414186444057205265e-27
1.569880787582746181e-27
1.725575131108287097e-27
1.881269474633828014e-27
2.036963818159368930e-27
2.192658161684909846e-27
2.348352505210450762e-27
2.504046848735991679e-27
2.659741192261532595e-27
2.815435535787073511e-27
2.971129879312614427e-27
3.126824222838155344e-27
3.282518566363695901e-27
3.438212909889236817e-27
3.593907253414777734e-27
3.749601596940318650e-27
3.905295940465859566e-27
4.060990283991400482e-27
4.216684627516941398e-27
4.372378971042482315e-27
4.528073314568023231e-27
