2.465137381186382264e-29
3.213179069270526035e-28
6.179844400422413703e-28
9.146509731574300474e-28
1.211317506272618814e-27
1.507984039387807581e-27
1.804650572502996348e-27
2.101317105618185115e-27
2.397983638733373881e-27
2.694650171848562648e-27
2.991316704963751415e-27
3.287983238078940182e-27
3.584649771194129307e-27
3.881316304309318433e-27
4.177982837424506841e-27
4.474649370539695249e-27
4.771315903654884375e-27
5.067982436770073500e-27
5.364648969885261908e-27
5.661315503000450316e-27
5.957982036115639442e-27
6.254648569230828567e-27
6.551315102346015540e-27
6.847981635461204666e-27
7.144648168576393792e-27
7.441314701691582917e-27
7.737981234806772043e-27
8.034647767921959733e-27
8.331314301037148859e-27
8.627980834152337984e-27
