1.294428706250421503e-29
1.687220865388480305e-28
3.244998860151918431e-28
4.802776854915356334e-28
6.360554849678794236e-28
7.918332844442232138e-28
9.476110839205671834e-28
1.103388883396910974e-27
1.259166682873254764e-27
1.414944482349598554e-27
1.570722281825942344e-27
1.726500081302286135e-27
1.882277880778630104e-27
2.038055680254973715e-27
2.193833479731317685e-27
2.349611279207661296e-27
2.505389078684005265e-27
2.661166878160349235e-27
2.816944677636692846e-27
2.972722477113036815e-27
3.128500276589380426e-27
3.284278076065723678e-27
3.440055875542067648e-27
3.595833675018411617e-27
3.751611474494755587e-27
3.907389273971099557e-27
4.063167073447442809e-27
4.218944872923786778e-27
4.374722672400130748e-27
4.530500471876474718e-27
