1.206479637254378954e-29
1.572583803041914637e-28
3.024519642358391646e-28
4.476455481674868878e-28
5.928391320991345214e-28
7.380327160307821549e-28
8.832262999624299679e-28
1.028419883894077601e-27
1.173613467825725235e-27
1.318807051757372869e-27
1.464000635689020502e-27
1.609194219620668315e-27
1.754387803552316128e-27
1.899581387483963762e-27
2.044774971415611395e-27
2.189968555347259029e-27
2.335162139278906662e-27
2.480355723210554296e-27
2.625549307142201929e-27
2.770742891073849563e-27
2.915936475005497196e-27
3.061130058937145189e-27
3.206323642868792822e-27
3.351517226800440456e-27
3.496710810732088448e-27
3.641904394663735723e-27
3.787097978595383715e-27
3.932291562527030990e-27
4.077485146458678982e-27
4.222678730390326257e-27
