1.233797250358954821e-29
1.608190898743741240e-28
3.093002072451586760e-28
4.577813246159432952e-28
6.062624419867278696e-28
7.547435593575124440e-28
9.032246767282970184e-28
1.051705794099081683e-27
1.200186911469866167e-27
1.348668028840650652e-27
1.497149146211435316e-27
1.645630263582219801e-27
1.794111380953004285e-27
1.942592498323788770e-27
2.091073615694573614e-27
2.239554733065358098e-27
2.388035850436142583e-27
2.536516967806927068e-27
2.684998085177711552e-27
2.833479202548496396e-27
2.981960319919280881e-27
3.130441437290065365e-27
3.278922554660850209e-27
3.427403672031634335e-27
3.575884789402419178e-27
3.724365906773204022e-27
3.872847024143988148e-27
4.021328141514772991e-27
4.169809258885557835e-27
4.318290376256341961e-27
