3.341078017843360688e-29
4.354922381878587724e-28
8.375736961972838202e-28
1.239655154206708958e-27
1.641736612216134275e-27
2.043818070225559412e-27
2.445899528234984550e-27
2.847980986244409687e-27
3.250062444253834466e-27
3.652143902263259962e-27
4.054225360272684741e-27
4.456306818282109520e-27
4.858388276291535016e-27
5.260469734300960512e-27
5.662551192310385291e-27
6.064632650319810069e-27
6.466714108329235566e-27
6.868795566338661062e-27
7.270877024348086558e-27
7.672958482357510619e-27
8.075039940366936116e-27
8.477121398376361612e-27
8.879202856385785673e-27
9.281284314395211169e-27
9.683365772404636666e-27
1.008544723041406216e-26
1.048752868842348766e-26
1.088961014643291172e-26
1.129169160444233722e-26
1.169377306245176271e-26
