1.246158006285074057e-29
1.624302504743992928e-28
3.123989208859478716e-28
4.623675912974963832e-28
6.123362617090449844e-28
7.623049321205935857e-28
9.122736025321420075e-28
1.062242272943690609e-27
1.212210943355239210e-27
1.362179613766787811e-27
1.512148284178336413e-27
1.662116954589884655e-27
1.812085625001433077e-27
1.962054295412981858e-27
2.112022965824530279e-27
2.261991636236079060e-27
2.411960306647627482e-27
2.561928977059175904e-27
2.711897647470724684e-27
2.861866317882273106e-27
3.011834988293821887e-27
3.161803658705370309e-27
3.311772329116918731e-27
3.461740999528467511e-27
3.611709669940015574e-27
3.761678340351564355e-27
3.911647010763113136e-27
4.061615681174661916e-27
4.211584351586209979e-27
4.361553021997758760e-27
