1.643750569444684478e-29
2.142543845689967990e-28
4.120712634435468093e-28
6.098881423180967747e-28
8.077050211926467402e-28
1.005521900067196795e-27
1.203338778941746671e-27
1.401155657816296547e-27
1.598972536690846602e-27
1.796789415565396657e-27
1.994606294439946712e-27
2.192423173314496409e-27
2.390240052189046464e-27
2.588056931063596519e-27
2.785873809938146215e-27
2.983690688812696270e-27
3.181507567687246326e-27
3.379324446561796022e-27
3.577141325436346077e-27
3.774958204310896132e-27
3.972775083185446187e-27
4.170591962059995525e-27
4.368408840934545580e-27
4.566225719809095635e-27
4.764042598683645690e-27
4.961859477558195745e-27
5.159676356432745801e-27
5.357493235307295856e-27
5.555310114181845193e-27
5.753126993056395249e-27
