1.894544494764022777e-29
2.469440755244139963e-28
4.749427061011877675e-28
7.029413366779615837e-28
9.309399672547353998e-28
1.158938597831509126e-27
1.386937228408283032e-27
1.614935858985056759e-27
1.842934489561830306e-27
2.070933120138604032e-27
2.298931750715377758e-27
2.526930381292151485e-27
2.754929011868925570e-27
2.982927642445699297e-27
3.210926273022473023e-27
3.438924903599246749e-27
3.666923534176020476e-27
3.894922164752794202e-27
4.122920795329567929e-27
4.350919425906341655e-27
4.578918056483115382e-27
4.806916687059889108e-27
5.034915317636662835e-27
5.262913948213436561e-27
5.490912578790211005e-27
5.718911209366984731e-27
5.946909839943758458e-27
6.174908470520532184e-27
6.402907101097305911e-27
6.630905731674078920e-27
