1.192925834952101516e-29
1.554917122799635827e-28
2.990541662104061559e-28
4.426166201408486842e-28
5.861790740712913022e-28
7.297415280017339203e-28
8.733039819321763589e-28
1.016866435862618977e-27
1.160428889793061595e-27
1.303991343723504213e-27
1.447553797653946831e-27
1.591116251584389270e-27
1.734678705514831708e-27
1.878241159445274326e-27
2.021803613375716944e-27
2.165366067306159562e-27
2.308928521236602180e-27
2.452490975167044798e-27
2.596053429097487416e-27
2.739615883027930034e-27
2.883178336958372652e-27
3.026740790888814912e-27
3.170303244819257530e-27
3.313865698749700506e-27
3.457428152680142407e-27
3.600990606610585025e-27
3.744553060541027643e-27
3.888115514471470261e-27
4.031677968401912879e-27
4.175240422332355497e-27
