1.610712132429816712e-29
2.099479951925761084e-28
4.037888690608540750e-28
5.976297429291319518e-28
7.914706167974099183e-28
9.853114906656877952e-28
1.179152364533965762e-27
1.372993238402243728e-27
1.566834112270521695e-27
1.760674986138799661e-27
1.954515860007077448e-27
2.148356733875355594e-27
2.342197607743633381e-27
2.536038481611911527e-27
2.729879355480189315e-27
2.923720229348467460e-27
3.117561103216745248e-27
3.311401977085023393e-27
3.505242850953301181e-27
3.699083724821578968e-27
3.892924598689856755e-27
4.086765472558135260e-27
4.280606346426413047e-27
4.474447220294690834e-27
4.668288094162968621e-27
4.862128968031246408e-27
5.055969841899524913e-27
5.249810715767802700e-27
5.443651589636080487e-27
5.637492463504358274e-27
