1.413055004931563804e-29
1.841844109876314049e-28
3.542382719259471436e-28
5.242921328642628824e-28
6.943459938025786661e-28
8.643998547408943600e-28
1.034453715679210144e-27
1.204507576617525927e-27
1.374561437555841711e-27
1.544615298494157495e-27
1.714669159432473099e-27
1.884723020370789062e-27
2.054776881309104666e-27
2.224830742247420629e-27
2.394884603185736233e-27
2.564938464124052196e-27
2.734992325062367801e-27
2.905046186000683405e-27
3.075100046938999368e-27
3.245153907877314972e-27
3.415207768815630935e-27
3.585261629753946898e-27
3.755315490692262861e-27
3.925369351630578824e-27
4.095423212568894070e-27
4.265477073507210033e-27
4.435530934445525996e-27
4.605584795383841241e-27
4.775638656322157204e-27
4.945692517260473167e-27
