1.324555248073362402e-29
1.726489254385279168e-28
3.320522983963222432e-28
4.914556713541165248e-28
6.508590443119108512e-28
8.102624172697050879e-28
9.696657902274993247e-28
1.129069163185293741e-27
1.288472536143087977e-27
1.447875909100882214e-27
1.607279282058676630e-27
1.766682655016471226e-27
1.926086027974265283e-27
2.085489400932059699e-27
2.244892773889854115e-27
2.404296146847648173e-27
2.563699519805442589e-27
2.723102892763237005e-27
2.882506265721031062e-27
3.041909638678825478e-27
3.201313011636619894e-27
3.360716384594413952e-27
3.520119757552208727e-27
3.679523130510002784e-27
3.838926503467796841e-27
3.998329876425591616e-27
4.157733249383385674e-27
4.317136622341179731e-27
4.476539995298974506e-27
4.635943368256768563e-27
