1.371071231978094182e-29
1.787120433405929341e-28
3.437133743614049488e-28
5.087147053822168963e-28
6.737160364030289334e-28
8.387173674238408809e-28
1.003718698444652739e-27
1.168720029465464776e-27
1.333721360486276813e-27
1.498722691507088850e-27
1.663724022527901067e-27
1.828725353548713104e-27
1.993726684569524782e-27
2.158728015590336819e-27
2.323729346611148856e-27
2.488730677631960894e-27
2.653732008652772931e-27
2.818733339673584968e-27
2.983734670694397005e-27
3.148736001715209042e-27
3.313737332736021079e-27
3.478738663756833116e-27
3.643739994777645154e-27
3.808741325798457191e-27
3.973742656819268510e-27
4.138743987840080548e-27
4.303745318860892585e-27
4.468746649881704622e-27
4.633747980902516659e-27
4.798749311923328696e-27
