1.499048687198621280e-29
1.953932426762341022e-28
3.757959984804819860e-28
5.561987542847298026e-28
7.366015100889777088e-28
9.170042658932257047e-28
1.097407021697473521e-27
1.277809777501721517e-27
1.458212533305969334e-27
1.638615289110217150e-27
1.819018044914464967e-27
1.999420800718712783e-27
2.179823556522960600e-27
2.360226312327208417e-27
2.540629068131456592e-27
2.721031823935704408e-27
2.901434579739952225e-27
3.081837335544200041e-27
3.262240091348448217e-27
3.442642847152695675e-27
3.623045602956943850e-27
3.803448358761191308e-27
3.983851114565439483e-27
4.164253870369687658e-27
4.344656626173935116e-27
4.525059381978183291e-27
4.705462137782430749e-27
4.885864893586678924e-27
5.066267649390927100e-27
5.246670405195174558e-27
