1.553807996331009300e-29
2.025308353838349816e-28
3.895235908043598897e-28
5.765163462248847979e-28
7.635091016454097061e-28
9.505018570659345246e-28
1.137494612486459522e-27
1.324487367906984520e-27
1.511480123327509339e-27
1.698472878748034337e-27
1.885465634168559155e-27
2.072458389589084332e-27
2.259451145009609151e-27
2.446443900430133969e-27
2.633436655850659147e-27
2.820429411271183965e-27
3.007422166691708784e-27
3.194414922112233602e-27
3.381407677532758421e-27
3.568400432953283598e-27
3.755393188373808058e-27
3.942385943794333235e-27
4.129378699214858412e-27
4.316371454635382872e-27
4.503364210055908049e-27
4.690356965476433226e-27
4.877349720896957686e-27
5.064342476317482863e-27
5.251335231738008040e-27
5.438327987158532500e-27
