1.193376892694657229e-29
1.555505053236484139e-28
2.991672417203502877e-28
4.427839781170520943e-28
5.864007145137539906e-28
7.300174509104558869e-28
8.736341873071575141e-28
1.017250923703859410e-27
1.160867660100561307e-27
1.304484396497263203e-27
1.448101132893965099e-27
1.591717869290666816e-27
1.735334605687368533e-27
1.878951342084070609e-27
2.022568078480772325e-27
2.166184814877474401e-27
2.309801551274176118e-27
2.453418287670877835e-27
2.597035024067579911e-27
2.740651760464281627e-27
2.884268496860983703e-27
3.027885233257685420e-27
3.171501969654387137e-27
3.315118706051089571e-27
3.458735442447790929e-27
3.602352178844493005e-27
3.745968915241195081e-27
3.889585651637897156e-27
4.033202388034598514e-27
4.176819124431300590e-27
