1.351165340071669268e-29
1.761174132921003398e-28
3.387231731834839758e-28
5.013289330748676117e-28
6.639346929662512028e-28
8.265404528576348836e-28
9.891462127490186541e-28
1.151751972640402245e-27
1.314357732531785836e-27
1.476963492423169427e-27
1.639569252314552839e-27
1.802175012205936610e-27
1.964780772097320380e-27
2.127386531988703792e-27
2.289992291880087562e-27
2.452598051771470974e-27
2.615203811662854744e-27
2.777809571554238515e-27
2.940415331445621927e-27
3.103021091337005697e-27
3.265626851228389109e-27
3.428232611119772879e-27
3.590838371011156650e-27
3.753444130902540420e-27
3.916049890793924191e-27
4.078655650685307244e-27
4.241261410576691014e-27
4.403867170468074785e-27
4.566472930359458555e-27
4.729078690250842326e-27
