1.223659198573183118e-29
1.594976472622976586e-28
3.067587025388634609e-28
4.540197578154293304e-28
6.012808130919951550e-28
7.485418683685609797e-28
8.958029236451268044e-28
1.043063978921692629e-27
1.190325034198258454e-27
1.337586089474824278e-27
1.484847144751390103e-27
1.632108200027955928e-27
1.779369255304521573e-27
1.926630310581087218e-27
2.073891365857653222e-27
2.221152421134219226e-27
2.368413476410784872e-27
2.515674531687350517e-27
2.662935586963916521e-27
2.810196642240482525e-27
2.957457697517048170e-27
3.104718752793613816e-27
3.251979808070180537e-27
3.399240863346746182e-27
3.546501918623311828e-27
3.693762973899877473e-27
3.841024029176443118e-27
3.988285084453009481e-27
4.135546139729575126e-27
4.282807195006140772e-27
