1.341947122011012206e-29
1.749158662483319089e-28
3.364122612765537266e-28
4.979086563047754771e-28
6.594050513329972723e-28
8.209014463612190676e-28
9.823978413894409526e-28
1.143894236417662658e-27
1.305390631445884543e-27
1.466887026474106428e-27
1.628383421502328134e-27
1.789879816530549660e-27
1.951376211558771545e-27
2.112872606586993430e-27
2.274369001615214956e-27
2.435865396643436841e-27
2.597361791671658726e-27
2.758858186699880611e-27
2.920354581728102496e-27
3.081850976756324022e-27
3.243347371784546266e-27
3.404843766812767792e-27
3.566340161840989318e-27
3.727836556869211562e-27
3.889332951897433088e-27
4.050829346925654614e-27
4.212325741953876858e-27
4.373822136982098384e-27
4.535318532010319911e-27
4.696814927038542154e-27
