6.095351476052498389e-29
7.944975372233946826e-28
1.528041559686264336e-27
2.261585582149133990e-27
2.995129604612003644e-27
3.728673627074873298e-27
4.462217649537742952e-27
5.195761672000612606e-27
5.929305694463482260e-27
6.662849716926351196e-27
7.396393739389221567e-27
8.129937761852091939e-27
8.863481784314960875e-27
9.597025806777829811e-27
1.033056982924070018e-26
1.106411385170357055e-26
1.179765787416643949e-26
1.253120189662930843e-26
1.326474591909217593e-26
1.399828994155504773e-26
1.473183396401791667e-26
1.546537798648078561e-26
1.619892200894365741e-26
1.693246603140652635e-26
1.766601005386939529e-26
1.839955407633226422e-26
1.913309809879513316e-26
1.986664212125800497e-26
2.060018614372087390e-26
2.133373016618374284e-26
