1.401715565825917094e-29
1.827063737524815770e-28
3.513955918467040084e-28
5.200848099409263949e-28
6.887740280351488262e-28
8.574632461293711679e-28
1.026152464223593599e-27
1.194841682317816031e-27
1.363530900412038462e-27
1.532220118506260893e-27
1.700909336600482966e-27
1.869598554694705397e-27
2.038287772788927828e-27
2.206976990883150260e-27
2.375666208977372691e-27
2.544355427071595122e-27
2.713044645165817554e-27
2.881733863260039985e-27
3.050423081354262416e-27
3.219112299448484848e-27
3.387801517542706920e-27
3.556490735636929711e-27
3.725179953731151783e-27
3.893869171825374573e-27
4.062558389919596646e-27
4.231247608013819436e-27
4.399936826108041508e-27
4.568626044202264299e-27
4.737315262296486371e-27
4.906004480390709161e-27
