1.289779363761328061e-29
1.681160687937179050e-28
3.233343439498225379e-28
4.785526191059271931e-28
6.337708942620318484e-28
7.889891694181365037e-28
9.442074445742410692e-28
1.099425719730345814e-27
1.254643994886450380e-27
1.409862270042554945e-27
1.565080545198659690e-27
1.720298820354764077e-27
1.875517095510868642e-27
2.030735370666973208e-27
2.185953645823078132e-27
2.341171920979182698e-27
2.496390196135287263e-27
2.651608471291391829e-27
2.806826746447496394e-27
2.962045021603601319e-27
3.117263296759705884e-27
3.272481571915810450e-27
3.427699847071915374e-27
3.582918122228020298e-27
3.738136397384124505e-27
3.893354672540229430e-27
4.048572947696333636e-27
4.203791222852438561e-27
4.359009498008543485e-27
4.514227773164647692e-27
