1.835583418320041780e-29
2.392588041810261278e-28
4.601617741788518826e-28
6.810647441766775029e-28
9.019677141745033025e-28
1.122870684172329102e-27
1.343773654170154722e-27
1.564676624167980343e-27
1.785579594165806142e-27
2.006482564163631942e-27
2.227385534161457742e-27
2.448288504159283183e-27
2.669191474157108982e-27
2.890094444154934782e-27
3.110997414152760223e-27
3.331900384150586381e-27
3.552803354148411822e-27
3.773706324146237263e-27
3.994609294144063421e-27
4.215512264141888862e-27
4.436415234139715021e-27
4.657318204137540462e-27
4.878221174135365903e-27
5.099124144133192061e-27
5.320027114131017502e-27
5.540930084128842943e-27
5.761833054126669101e-27
5.982736024124494542e-27
6.203638994122319983e-27
6.424541964120146141e-27
