1.430774055316304914e-29
1.864939975550218369e-28
3.586802545568806134e-28
5.308665115587393450e-28
7.030527685605981216e-28
8.752390255624568084e-28
1.047425282564315675e-27
1.219611539566174541e-27
1.391797796568033228e-27
1.563984053569891914e-27
1.736170310571750781e-27
1.908356567573609826e-27
2.080542824575468513e-27
2.252729081577327200e-27
2.424915338579186245e-27
2.597101595581044932e-27
2.769287852582903619e-27
2.941474109584762306e-27
3.113660366586620993e-27
3.285846623588479680e-27
3.458032880590338008e-27
3.630219137592197053e-27
3.802405394594056099e-27
3.974591651595914427e-27
4.146777908597773472e-27
4.318964165599632518e-27
4.491150422601490846e-27
4.663336679603349892e-27
4.835522936605208937e-27
5.007709193607067265e-27
