1.412172047558744547e-29
1.840693220611053259e-28
3.540169236466231754e-28
5.239645252321410922e-28
6.939121268176589194e-28
8.638597284031767465e-28
1.033807329988694753e-27
1.203754931574212580e-27
1.373702533159730407e-27
1.543650134745248234e-27
1.713597736330766241e-27
1.883545337916284068e-27
2.053492939501802254e-27
2.223440541087320081e-27
2.393388142672837908e-27
2.563335744258355735e-27
2.733283345843873562e-27
2.903230947429391390e-27
3.073178549014909217e-27
3.243126150600426685e-27
3.413073752185944512e-27
3.583021353771462339e-27
3.752968955356980166e-27
3.922916556942497994e-27
4.092864158528016538e-27
4.262811760113534365e-27
4.432759361699052192e-27
4.602706963284570020e-27
4.772654564870087847e-27
4.942602166455605674e-27
