1.259747835003738908e-29
1.642016143556597630e-28
3.158057503612821271e-28
4.674098863669045136e-28
6.190140223725268553e-28
7.706181583781491969e-28
9.222222943837715386e-28
1.073826430389393791e-27
1.225430566395016222e-27
1.377034702400638653e-27
1.528638838406260905e-27
1.680242974411883516e-27
1.831847110417505947e-27
1.983451246423128379e-27
2.135055382428750451e-27
2.286659518434372883e-27
2.438263654439995314e-27
2.589867790445617745e-27
2.741471926451240177e-27
2.893076062456862249e-27
3.044680198462484681e-27
3.196284334468107112e-27
3.347888470473729543e-27
3.499492606479351975e-27
3.651096742484974406e-27
3.802700878490596838e-27
3.954305014496219269e-27
4.105909150501840983e-27
4.257513286507463414e-27
4.409117422513085846e-27
