3.362868305594459837e-29
4.383324894878295644e-28
8.430362959197145584e-28
1.247740102351599463e-27
1.652443908783484726e-27
2.057147715215369810e-27
2.461851521647254535e-27
2.866555328079139618e-27
3.271259134511024702e-27
3.675962940942909786e-27
4.080666747374794869e-27
4.485370553806679953e-27
4.890074360238564319e-27
5.294778166670449403e-27
5.699481973102334487e-27
6.104185779534219571e-27
6.508889585966104654e-27
6.913593392397989738e-27
7.318297198829874822e-27
7.723001005261759905e-27
8.127704811693644989e-27
8.532408618125530073e-27
8.937112424557415157e-27
9.341816230989300240e-27
9.746520037421183889e-27
1.015122384385306897e-26
1.055592765028495406e-26
1.096063145671683914e-26
1.136533526314872422e-26
1.177003906958060931e-26
