1.350606089114524269e-29
1.760445178225138297e-28
3.385829747538823944e-28
5.011214316852510487e-28
6.636598886166196133e-28
8.261983455479880883e-28
9.887368024793567426e-28
1.151275259410725218e-27
1.313813716342093872e-27
1.476352173273462526e-27
1.638890630204831181e-27
1.801429087136199655e-27
1.963967544067568489e-27
2.126506000998936964e-27
2.289044457930305439e-27
2.451582914861674273e-27
2.614121371793042748e-27
2.776659828724411223e-27
2.939198285655780056e-27
3.101736742587148531e-27
3.264275199518516647e-27
3.426813656449885481e-27
3.589352113381253597e-27
3.751890570312622431e-27
3.914429027243991265e-27
4.076967484175359381e-27
4.239505941106728215e-27
4.402044398038097048e-27
4.564582854969465165e-27
4.727121311900833998e-27
