1.738723206930558464e-29
2.266335766275003282e-28
4.358799211856950802e-28
6.451262657438898322e-28
8.543726103020845842e-28
1.063618954860279426e-27
1.272865299418474088e-27
1.482111643976668751e-27
1.691357988534863592e-27
1.900604333093058434e-27
2.109850677651253276e-27
2.319097022209447759e-27
2.528343366767642600e-27
2.737589711325837442e-27
2.946836055884031925e-27
3.156082400442226767e-27
3.365328745000421967e-27
3.574575089558616450e-27
3.783821434116811650e-27
3.993067778675006133e-27
4.202314123233201334e-27
4.411560467791395817e-27
4.620806812349590300e-27
4.830053156907785500e-27
5.039299501465979983e-27
5.248545846024174466e-27
5.457792190582369666e-27
5.667038535140564149e-27
5.876284879698758632e-27
6.085531224256953833e-27
