1.619805968161326248e-29
2.111333296430969683e-28
4.060685996045807385e-28
6.010038695660645088e-28
7.959391395275481894e-28
9.908744094890317803e-28
1.185809679450515640e-27
1.380744949411999321e-27
1.575680219373483001e-27
1.770615489334966861e-27
1.965550759296450363e-27
2.160486029257934223e-27
2.355421299219418082e-27
2.550356569180901584e-27
2.745291839142385444e-27
2.940227109103868945e-27
3.135162379065352805e-27
3.330097649026836665e-27
3.525032918988320883e-27
3.719968188949804385e-27
3.914903458911287886e-27
4.109838728872772105e-27
4.304773998834255606e-27
4.499709268795739107e-27
4.694644538757223326e-27
4.889579808718706827e-27
5.084515078680190328e-27
5.279450348641673829e-27
5.474385618603158048e-27
5.669320888564641549e-27
