1.854385622456049869e-29
2.417095742373747427e-28
4.648752922501889756e-28
6.880410102630032084e-28
9.112067282758173516e-28
1.134372446288631495e-27
1.357538164301445817e-27
1.580703882314260140e-27
1.803869600327074462e-27
2.027035318339888606e-27
2.250201036352702749e-27
2.473366754365517251e-27
2.696532472378331394e-27
2.919698190391145537e-27
3.142863908403960039e-27
3.366029626416773823e-27
3.589195344429588325e-27
3.812361062442402827e-27
4.035526780455216611e-27
4.258692498468031113e-27
4.481858216480844898e-27
4.705023934493659400e-27
4.928189652506473902e-27
5.151355370519287686e-27
5.374521088532102188e-27
5.597686806544916690e-27
5.820852524557730474e-27
6.044018242570544976e-27
6.267183960583359478e-27
6.490349678596173980e-27
