1.467937513197887594e-29
1.913380620651039374e-28
3.679967489982290326e-28
5.446554359313540829e-28
7.213141228644791780e-28
8.979728097976042732e-28
1.074631496730729279e-27
1.251290183663854463e-27
1.427948870596979469e-27
1.604607557530104474e-27
1.781266244463229480e-27
1.957924931396354665e-27
2.134583618329479491e-27
2.311242305262604676e-27
2.487900992195729860e-27
2.664559679128854686e-27
2.841218366061979871e-27
3.017877052995105056e-27
3.194535739928229882e-27
3.371194426861355426e-27
3.547853113794480252e-27
3.724511800727605078e-27
3.901170487660730621e-27
4.077829174593855448e-27
4.254487861526980274e-27
4.431146548460105817e-27
4.607805235393230643e-27
4.784463922326355469e-27
4.961122609259481013e-27
5.137781296192605839e-27
