1.789013549504852594e-29
2.331886626595980310e-28
4.484871898241475221e-28
6.637857169886970132e-28
8.790842441532464146e-28
1.094382771317795995e-27
1.309681298482345397e-27
1.524979825646894798e-27
1.740278352811444379e-27
1.955576879975993960e-27
2.170875407140543540e-27
2.386173934305092763e-27
2.601472461469642343e-27
2.816770988634191924e-27
3.032069515798741146e-27
3.247368042963290727e-27
3.462666570127840666e-27
3.677965097292389888e-27
3.893263624456939828e-27
4.108562151621489050e-27
4.323860678786038989e-27
4.539159205950588211e-27
4.754457733115137434e-27
4.969756260279687373e-27
5.185054787444236595e-27
5.400353314608785817e-27
5.615651841773335757e-27
5.830950368937884979e-27
6.046248896102434201e-27
6.261547423266984140e-27
