1.390058360136808381e-29
1.811869172867977687e-28
3.484732509722274452e-28
5.157595846576570544e-28
6.830459183430867532e-28
8.503322520285165418e-28
1.017618585713946151e-27
1.184904919399375940e-27
1.352191253084805549e-27
1.519477586770235158e-27
1.686763920455664947e-27
1.854050254141094556e-27
2.021336587826524165e-27
2.188622921511953774e-27
2.355909255197383742e-27
2.523195588882813351e-27
2.690481922568242961e-27
2.857768256253672570e-27
3.025054589939102179e-27
3.192340923624532147e-27
3.359627257309961397e-27
3.526913590995391007e-27
3.694199924680820616e-27
3.861486258366250225e-27
4.028772592051679834e-27
4.196058925737109443e-27
4.363345259422539053e-27
4.530631593107969379e-27
4.697917926793398989e-27
4.865204260478828598e-27
