1.415181525757861109e-29
1.844615919780936107e-28
3.547713686986086384e-28
5.250811454191235764e-28
6.953909221396386040e-28
8.657006988601536317e-28
1.036010475580668659e-27
1.206320252301183687e-27
1.376630029021698715e-27
1.546939805742213742e-27
1.717249582462728411e-27
1.887559359183243439e-27
2.057869135903758467e-27
2.228178912624273494e-27
2.398488689344788522e-27
2.568798466065303550e-27
2.739108242785818577e-27
2.909418019506333605e-27
3.079727796226848633e-27
3.250037572947363302e-27
3.420347349667878329e-27
3.590657126388393357e-27
3.760966903108908385e-27
3.931276679829423412e-27
4.101586456549938440e-27
4.271896233270453467e-27
4.442206009990968495e-27
4.612515786711483523e-27
4.782825563431998550e-27
4.953135340152513578e-27
