1.423263416076941695e-29
1.855150245783048310e-28
3.567974149958402226e-28
5.280798054133757039e-28
6.993621958309110956e-28
8.706445862484464872e-28
1.041926976665981879e-27
1.213209367083517270e-27
1.384491757501052662e-27
1.555774147918588054e-27
1.727056538336123804e-27
1.898338928753659016e-27
2.069621319171194587e-27
2.240903709588729800e-27
2.412186100006265371e-27
2.583468490423800583e-27
2.754750880841336154e-27
2.926033271258871725e-27
3.097315661676406937e-27
3.268598052093942149e-27
3.439880442511477720e-27
3.611162832929012574e-27
3.782445223346548145e-27
3.953727613764083716e-27
4.125010004181619287e-27
4.296292394599154858e-27
4.467574785016689711e-27
4.638857175434225282e-27
4.810139565851760853e-27
4.981421956269296424e-27
