1.251253809333259985e+07
1.251253809332423098e+07
1.251253809330152534e+07
1.251253809326426685e+07
1.251253809321260452e+07
1.251253809314631671e+07
1.251253809306597710e+07
1.251253809297087044e+07
1.251253809286158718e+07
1.251253809273756668e+07
1.251253809259949811e+07
1.251253809244683571e+07
1.251253809227951057e+07
1.251253809209815785e+07
1.251253809190198220e+07
1.251253809169175662e+07
1.251253809146687575e+07
1.251253809122742526e+07
1.251253809097402170e+07
1.251253809070566483e+07
1.251253809042317793e+07
1.251253809012656286e+07
1.251253808981488273e+07
1.251253808948902972e+07
1.251253808914876543e+07
1.251253808879411221e+07
1.251253808842489682e+07
1.251253808804172091e+07
1.251253808764341660e+07
1.251253808723085001e+07
