3.721148789812699892e+06
3.721148789808520582e+06
3.721148789797178935e+06
3.721148789778676350e+06
3.721148789752977435e+06
3.721148789720105939e+06
3.721148789679990616e+06
3.721148789632846601e+06
3.721148789578416850e+06
3.721148789516901597e+06
3.721148789448201656e+06
3.721148789372279309e+06
3.721148789289247245e+06
3.721148789198996034e+06
3.721148789101572242e+06
3.721148788996992633e+06
3.721148788885203656e+06
3.721148788766308688e+06
3.721148788640256971e+06
3.721148788506938610e+06
3.721148788366510067e+06
3.721148788218875416e+06
3.721148788064081687e+06
3.721148787902140990e+06
3.721148787733036093e+06
3.721148787556711119e+06
3.721148787373238709e+06
3.721148787182603497e+06
3.721148786984822247e+06
3.721148786779822782e+06
