1.836905506996052340e+07
1.836905506989239156e+07
1.836905506970909238e+07
1.836905506940908358e+07
1.836905506899337098e+07
1.836905506846183911e+07
1.836905506781427190e+07
1.836905506705002487e+07
1.836905506617081165e+07
1.836905506517480314e+07
1.836905506406273693e+07
1.836905506283526123e+07
1.836905506149054319e+07
1.836905506003126502e+07
1.836905505845541880e+07
1.836905505676345900e+07
1.836905505495530739e+07
1.836905505303165317e+07
1.836905505099115148e+07
1.836905504883557186e+07
1.836905504656346515e+07
1.836905504417518899e+07
1.836905504167112336e+07
1.836905503905085847e+07
1.836905503631494567e+07
1.836905503346317634e+07
1.836905503049459308e+07
1.836905502741056308e+07
1.836905502421066910e+07
1.836905502089400217e+07
