2.271168258820232749e+07
2.271168258818714321e+07
2.271168258814622089e+07
2.271168258807910979e+07
2.271168258798535913e+07
2.271168258786566556e+07
2.271168258772161230e+07
2.271168258755011484e+07
2.271168258735315502e+07
2.271168258713003993e+07
2.271168258688111231e+07
2.271168258660620451e+07
2.271168258630524948e+07
2.271168258597773686e+07
2.271168258562496677e+07
2.271168258524651825e+07
2.271168258484159783e+07
2.271168258441041782e+07
2.271168258395363763e+07
2.271168258347076923e+07
2.271168258296174556e+07
2.271168258242695034e+07
2.271168258186559379e+07
2.271168258127959818e+07
2.271168258066612855e+07
2.271168258002729714e+07
2.271168257936261222e+07
2.271168257867241278e+07
2.271168257795514539e+07
2.271168257721236348e+07
