7.989604718769761920e+07
7.989604718759472668e+07
7.989604718731480837e+07
7.989604718685835600e+07
7.989604718621963263e+07
7.989604718541435897e+07
7.989604718442992866e+07
7.989604718326807022e+07
7.989604718192084134e+07
7.989604718040323257e+07
7.989604717871093750e+07
7.989604717684222758e+07
7.989604717479307950e+07
7.989604717256879807e+07
7.989604717016653717e+07
7.989604716758970916e+07
7.989604716483087838e+07
7.989604716189901531e+07
7.989604715879239142e+07
7.989604715550978482e+07
7.989604715204343200e+07
7.989604714840742946e+07
7.989604714458984137e+07
7.989604714059990644e+07
7.989604713642871380e+07
7.989604713208517432e+07
7.989604712755832076e+07
7.989604712285932899e+07
7.989604711798430979e+07
7.989604711292809248e+07
