3.259558835405652877e+06
3.259558835399170406e+06
3.259558835381553974e+06
3.259558835352812428e+06
3.259558835312922951e+06
3.259558835261897184e+06
3.259558835199791938e+06
3.259558835126530379e+06
3.259558835042156279e+06
3.259558834946600720e+06
3.259558834839953110e+06
3.259558834722235799e+06
3.259558834593289997e+06
3.259558834453297779e+06
3.259558834302138072e+06
3.259558834139848594e+06
3.259558833966428880e+06
3.259558833781899419e+06
3.259558833586238325e+06
3.259558833379427437e+06
3.259558833161493298e+06
3.259558832932451274e+06
3.259558832692260854e+06
3.259558832440947648e+06
3.259558832178485580e+06
3.259558831904940773e+06
3.259558831620263401e+06
3.259558831324421801e+06
3.259558831017463934e+06
3.259558830699386075e+06
