1.018704110553826205e+07
1.018704110553334095e+07
1.018704110551970080e+07
1.018704110549766943e+07
1.018704110546701401e+07
1.018704110542776808e+07
1.018704110537975281e+07
1.018704110532305017e+07
1.018704110525845177e+07
1.018704110518446192e+07
1.018704110510260239e+07
1.018704110501174815e+07
1.018704110491233505e+07
1.018704110480481945e+07
1.018704110468804277e+07
1.018704110456319712e+07
1.018704110442944244e+07
1.018704110428734310e+07
1.018704110413660109e+07
1.018704110397735983e+07
1.018704110380921699e+07
1.018704110363294557e+07
1.018704110344786383e+07
1.018704110325409845e+07
1.018704110305192322e+07
1.018704110284124687e+07
1.018704110262183100e+07
1.018704110239395127e+07
1.018704110215745866e+07
1.018704110191238113e+07
