3.155816327026023995e+06
3.155816327023430727e+06
3.155816327016434632e+06
3.155816327004936524e+06
3.155816326989052352e+06
3.155816326968712267e+06
3.155816326943960972e+06
3.155816326914727222e+06
3.155816326881046873e+06
3.155816326842950191e+06
3.155816326800453477e+06
3.155816326753454749e+06
3.155816326702081598e+06
3.155816326646215282e+06
3.155816326585945673e+06
3.155816326521201059e+06
3.155816326452058274e+06
3.155816326378457248e+06
3.155816326300418470e+06
3.155816326217939146e+06
3.155816326131027192e+06
3.155816326039690524e+06
3.155816325943915173e+06
3.155816325843646657e+06
3.155816325738977641e+06
3.155816325629894156e+06
3.155816325516359881e+06
3.155816325398407876e+06
3.155816325275950134e+06
3.155816325149083044e+06
