1.459805893227916770e+07
1.459805893223750778e+07
1.459805893212361448e+07
1.459805893193874881e+07
1.459805893168197758e+07
1.459805893135382235e+07
1.459805893095417134e+07
1.459805893048249930e+07
1.459805892993899621e+07
1.459805892932423204e+07
1.459805892863786407e+07
1.459805892787975445e+07
1.459805892705006711e+07
1.459805892614866979e+07
1.459805892517540790e+07
1.459805892413081788e+07
1.459805892301458679e+07
1.459805892182675749e+07
1.459805892056720518e+07
1.459805891923576407e+07
1.459805891783327051e+07
1.459805891635859571e+07
1.459805891481264681e+07
1.459805891319482401e+07
1.459805891150565259e+07
1.459805890974450670e+07
1.459805890791203268e+07
1.459805890600762330e+07
1.459805890403176099e+07
1.459805890198431909e+07
