1.693111034118844569e+07
1.693111034117864445e+07
1.693111034115180373e+07
1.693111034110856429e+07
1.693111034104862437e+07
1.693111034097138420e+07
1.693111034087765962e+07
1.693111034076668695e+07
1.693111034063984081e+07
1.693111034049512818e+07
1.693111034033426642e+07
1.693111034015673026e+07
1.693111033996169269e+07
1.693111033975040913e+07
1.693111033952220157e+07
1.693111033927729353e+07
1.693111033901548386e+07
1.693111033873679116e+07
1.693111033844101056e+07
1.693111033812910691e+07
1.693111033780017868e+07
1.693111033745426312e+07
1.693111033709142357e+07
1.693111033671211824e+07
1.693111033631606400e+07
1.693111033590316772e+07
1.693111033547333255e+07
1.693111033502637222e+07
1.693111033456273377e+07
1.693111033408229053e+07
