2.848698910287181661e+07
2.848698910281638801e+07
2.848698910266605765e+07
2.848698910242068395e+07
2.848698910207941756e+07
2.848698910164316371e+07
2.848698910111343116e+07
2.848698910048870370e+07
2.848698909976675361e+07
2.848698909895072505e+07
2.848698909804025665e+07
2.848698909703468904e+07
2.848698909593359753e+07
2.848698909473780915e+07
2.848698909344597533e+07
2.848698909206074476e+07
2.848698909057930484e+07
2.848698908900323510e+07
2.848698908733139932e+07
2.848698908556512743e+07
2.848698908370457590e+07
2.848698908174870908e+07
2.848698907969687879e+07
2.848698907754950970e+07
2.848698907530849427e+07
2.848698907297249883e+07
2.848698907053956389e+07
2.848698906801393256e+07
2.848698906539187953e+07
2.848698906267573684e+07
