5.251294592978839763e+06
5.251294592969311401e+06
5.251294592943535186e+06
5.251294592901378870e+06
5.251294592842967249e+06
5.251294592768240720e+06
5.251294592677212320e+06
5.251294592569813132e+06
5.251294592446134426e+06
5.251294592306215316e+06
5.251294592149892822e+06
5.251294591977339238e+06
5.251294591788441874e+06
5.251294591583237052e+06
5.251294591361681931e+06
5.251294591123881750e+06
5.251294590869782493e+06
5.251294590599362738e+06
5.251294590312507004e+06
5.251294590009548701e+06
5.251294589690183289e+06
5.251294589354514144e+06
5.251294589002490975e+06
5.251294588634250686e+06
5.251294588249623775e+06
5.251294587848772295e+06
5.251294587431561202e+06
5.251294586998039857e+06
5.251294586548260413e+06
5.251294586082057096e+06
