4.733924201545167714e+06
4.733924201540675014e+06
4.733924201528484933e+06
4.733924201508617960e+06
4.733924201481055468e+06
4.733924201445778832e+06
4.733924201402932405e+06
4.733924201352210715e+06
4.733924201293976977e+06
4.733924201227881014e+06
4.733924201154206879e+06
4.733924201072789729e+06
4.733924200983682647e+06
4.733924200886935927e+06
4.733924200782494619e+06
4.733924200670257211e+06
4.733924200550443493e+06
4.733924200422821566e+06
4.733924200287648477e+06
4.733924200144765899e+06
4.733924199994091876e+06
4.733924199835814536e+06
4.733924199669817463e+06
4.733924199496165849e+06
4.733924199314705096e+06
4.733924199125664309e+06
4.733924198928933591e+06
4.733924198724451475e+06
4.733924198512318544e+06
4.733924198292436078e+06
