5.805305392098269612e+07
5.805305392085307837e+07
5.805305392049530149e+07
5.805305391991585493e+07
5.805305391910874099e+07
5.805305391807606071e+07
5.805305391681491584e+07
5.805305391533172876e+07
5.805305391362177581e+07
5.805305391168921441e+07
5.805305390952690691e+07
5.805305390714314580e+07
5.805305390453127027e+07
5.805305390169548243e+07
5.805305389863280952e+07
5.805305389534822106e+07
5.805305389183285087e+07
5.805305388809488714e+07
5.805305388413255662e+07
5.805305387994439155e+07
5.805305387552907318e+07
5.805305387089104950e+07
5.805305386602954566e+07
5.805305386093729734e+07
5.805305385562080145e+07
5.805305385007831454e+07
5.805305384431492537e+07
5.805305383832101524e+07
5.805305383210238814e+07
5.805305382565880567e+07
