4.180803878760514408e+07
4.180803878756922483e+07
4.180803878747152537e+07
4.180803878731044382e+07
4.180803878708893061e+07
4.180803878680350631e+07
4.180803878645827621e+07
4.180803878605191410e+07
4.180803878558028489e+07
4.180803878504984081e+07
4.180803878445632011e+07
4.180803878380091488e+07
4.180803878308240324e+07
4.180803878230299056e+07
4.180803878146076947e+07
4.180803878055699915e+07
4.180803877959136665e+07
4.180803877856588364e+07
4.180803877747596800e+07
4.180803877632322162e+07
4.180803877510941029e+07
4.180803877383587509e+07
4.180803877249907702e+07
4.180803877109812945e+07
4.180803876963854581e+07
4.180803876811555773e+07
4.180803876652971655e+07
4.180803876488359272e+07
4.180803876317414641e+07
4.180803876140420884e+07
