5.101990491404896230e+07
5.101990491401206702e+07
5.101990491391141713e+07
5.101990491374515742e+07
5.101990491351524740e+07
5.101990491322104633e+07
5.101990491286455095e+07
5.101990491244142503e+07
5.101990491195504367e+07
5.101990491140545160e+07
5.101990491079100221e+07
5.101990491011222452e+07
5.101990490937136114e+07
5.101990490856648237e+07
5.101990490769555420e+07
5.101990490676029772e+07
5.101990490576155484e+07
5.101990490469951928e+07
5.101990490357194841e+07
5.101990490238149464e+07
5.101990490112760663e+07
5.101990489981173724e+07
5.101990489842408895e+07
5.101990489698050916e+07
5.101990489546731859e+07
5.101990489389388263e+07
5.101990489225386828e+07
5.101990489054954052e+07
5.101990488878330588e+07
5.101990488695206493e+07
