1.396097367728722654e+07
1.396097367726889998e+07
1.396097367721878178e+07
1.396097367713644914e+07
1.396097367702276446e+07
1.396097367687707953e+07
1.396097367670005560e+07
1.396097367649071664e+07
1.396097367625008710e+07
1.396097367597699724e+07
1.396097367567266896e+07
1.396097367533654347e+07
1.396097367496858537e+07
1.396097367456874251e+07
1.396097367413720675e+07
1.396097367367404886e+07
1.396097367317915894e+07
1.396097367265263386e+07
1.396097367209365591e+07
1.396097367150371335e+07
1.396097367088120244e+07
1.396097367022730410e+07
1.396097366954188235e+07
1.396097366882464848e+07
1.396097366807553545e+07
1.396097366729464941e+07
1.396097366648185439e+07
1.396097366563755274e+07
1.396097366476134583e+07
1.396097366385309771e+07
