9.699962841744175553e+07
9.699962841740211844e+07
9.699962841729399562e+07
9.699962841711513698e+07
9.699962841686820984e+07
9.699962841655303538e+07
9.699962841616770625e+07
9.699962841571298242e+07
9.699962841518850625e+07
9.699962841459651291e+07
9.699962841393652558e+07
9.699962841320841014e+07
9.699962841241177917e+07
9.699962841154231131e+07
9.699962841060782969e+07
9.699962840960161388e+07
9.699962840852630138e+07
9.699962840738061070e+07
9.699962840617209673e+07
9.699962840488530695e+07
9.699962840353496373e+07
9.699962840211457014e+07
9.699962840062581003e+07
9.699962839906910062e+07
9.699962839744134247e+07
9.699962839574354887e+07
9.699962839398390055e+07
9.699962839214797318e+07
9.699962839024862647e+07
9.699962838827466965e+07
