1.630273648941520974e+07
1.630273648939855769e+07
1.630273648935290426e+07
1.630273648927926645e+07
1.630273648917698860e+07
1.630273648904618248e+07
1.630273648888638429e+07
1.630273648869816959e+07
1.630273648848187365e+07
1.630273648823659308e+07
1.630273648796274327e+07
1.630273648766015097e+07
1.630273648732895590e+07
1.630273648696964420e+07
1.630273648658157513e+07
1.630273648616494611e+07
1.630273648571970873e+07
1.630273648524578102e+07
1.630273648474370316e+07
1.630273648421242647e+07
1.630273648365283571e+07
1.630273648306458071e+07
1.630273648244799487e+07
1.630273648180291988e+07
1.630273648112945259e+07
1.630273648042688146e+07
1.630273647969557904e+07
1.630273647893614322e+07
1.630273647814786620e+07
1.630273647733117640e+07
