1.046164036482767016e+07
1.046164036481586285e+07
1.046164036478251964e+07
1.046164036472844146e+07
1.046164036465366744e+07
1.046164036455791630e+07
1.046164036444164813e+07
1.046164036430438422e+07
1.046164036414595135e+07
1.046164036396662146e+07
1.046164036376668885e+07
1.046164036354616471e+07
1.046164036330418848e+07
1.046164036304149404e+07
1.046164036275782622e+07
1.046164036245367676e+07
1.046164036212815344e+07
1.046164036178210750e+07
1.046164036141516082e+07
1.046164036102723330e+07
1.046164036061841995e+07
1.046164036018872075e+07
1.046164035973855853e+07
1.046164035926708579e+07
1.046164035877484828e+07
1.046164035826181248e+07
1.046164035772771388e+07
1.046164035717288591e+07
1.046164035659695975e+07
1.046164035600056872e+07
