1.810943458766808510e+08
1.810943458765638769e+08
1.810943458762429655e+08
1.810943458757225573e+08
1.810943458749998510e+08
1.810943458740814626e+08
1.810943458729626536e+08
1.810943458716493547e+08
1.810943458701303005e+08
1.810943458684064746e+08
1.810943458664788604e+08
1.810943458643468916e+08
1.810943458620150685e+08
1.810943458594925404e+08
1.810943458567565084e+08
1.810943458538277447e+08
1.810943458506970704e+08
1.810943458473740518e+08
1.810943458438567519e+08
1.810943458401227593e+08
1.810943458361923695e+08
1.810943458320557177e+08
1.810943458277142048e+08
1.810943458231815696e+08
1.810943458184494674e+08
1.810943458135098517e+08
1.810943458083845377e+08
1.810943458030443788e+08
1.810943457975081801e+08
1.810943457917818129e+08
