3.418304920181029942e+06
3.418304920177505817e+06
3.418304920167833101e+06
3.418304920152050909e+06
3.418304920130249113e+06
3.418304920102331322e+06
3.418304920068304986e+06
3.418304920028209686e+06
3.418304919982024003e+06
3.418304919929752592e+06
3.418304919871347956e+06
3.418304919806856662e+06
3.418304919736281503e+06
3.418304919659647625e+06
3.418304919576899614e+06
3.418304919488049112e+06
3.418304919393106364e+06
3.418304919292087201e+06
3.418304919184963219e+06
3.418304919071734883e+06
3.418304918952470645e+06
3.418304918827077374e+06
3.418304918695535976e+06
3.418304918557951692e+06
3.418304918414312880e+06
3.418304918264531530e+06
3.418304918108638842e+06
3.418304917946730275e+06
3.418304917778674979e+06
3.418304917604540475e+06
