4.016024877161917835e+07
4.016024877153651416e+07
4.016024877131225914e+07
4.016024877094583213e+07
4.016024877043747902e+07
4.016024876978918910e+07
4.016024876899633557e+07
4.016024876806338876e+07
4.016024876698807627e+07
4.016024876577239484e+07
4.016024876441405714e+07
4.016024876291227341e+07
4.016024876126953959e+07
4.016024875948623568e+07
4.016024875756228715e+07
4.016024875549411774e+07
4.016024875328402966e+07
4.016024875093476474e+07
4.016024874844158441e+07
4.016024874580848962e+07
4.016024874303145707e+07
4.016024874011380225e+07
4.016024873705404997e+07
4.016024873385253549e+07
4.016024873050811142e+07
4.016024872702420503e+07
4.016024872339725494e+07
4.016024871962854266e+07
4.016024871571870893e+07
4.016024871166638285e+07
