5.606848300788445771e+07
5.606848300781128556e+07
5.606848300761039555e+07
5.606848300728421658e+07
5.606848300683332980e+07
5.606848300625760853e+07
5.606848300555049628e+07
5.606848300472243130e+07
5.606848300376325846e+07
5.606848300268124789e+07
5.606848300147057325e+07
5.606848300013608485e+07
5.606848299867412448e+07
5.606848299708374590e+07
5.606848299537173659e+07
5.606848299353159219e+07
5.606848299156410992e+07
5.606848298947226256e+07
5.606848298725295067e+07
5.606848298490845412e+07
5.606848298243737221e+07
5.606848297983841598e+07
5.606848297711517662e+07
5.606848297426381707e+07
5.606848297128874809e+07
5.606848296818631887e+07
5.606848296495820582e+07
5.606848296160277724e+07
5.606848295812325925e+07
5.606848295451596379e+07
