1.143438962760864794e+08
1.143438962757840306e+08
1.143438962749650478e+08
1.143438962736307383e+08
1.143438962717766613e+08
1.143438962694027424e+08
1.143438962665104419e+08
1.143438962631074637e+08
1.143438962591868937e+08
1.143438962547429204e+08
1.143438962497886717e+08
1.143438962443129867e+08
1.143438962383155376e+08
1.143438962318124920e+08
1.143438962247794718e+08
1.143438962172373086e+08
1.143438962091758847e+08
1.143438962005920112e+08
1.143438961914965063e+08
1.143438961818874031e+08
1.143438961717536747e+08
1.143438961611003280e+08
1.143438961499325037e+08
1.143438961382530034e+08
1.143438961260582656e+08
1.143438961133384854e+08
1.143438961000970006e+08
1.143438960863476396e+08
1.143438960720767826e+08
1.143438960572856963e+08
