1.806007952941647545e+07
1.806007952940127999e+07
1.806007952936013415e+07
1.806007952929195389e+07
1.806007952919873223e+07
1.806007952907830477e+07
1.806007952893187851e+07
1.806007952875929326e+07
1.806007952856085077e+07
1.806007952833589166e+07
1.806007952808476612e+07
1.806007952780716866e+07
1.806007952750397101e+07
1.806007952717429772e+07
1.806007952681830153e+07
1.806007952643620968e+07
1.806007952602802590e+07
1.806007952559330687e+07
1.806007952513251826e+07
1.806007952464536577e+07
1.806007952413225174e+07
1.806007952359310165e+07
1.806007952302809805e+07
1.806007952243563533e+07
1.806007952181804553e+07
1.806007952117360756e+07
1.806007952050320059e+07
1.806007951980609819e+07
1.806007951908377185e+07
1.806007951833479106e+07
