1.116625858758195303e+06
1.116625858750134706e+06
1.116625858728229068e+06
1.116625858692490030e+06
1.116625858642899897e+06
1.116625858579479856e+06
1.116625858502217336e+06
1.116625858411126072e+06
1.116625858306189533e+06
1.116625858187416103e+06
1.116625858054801123e+06
1.116625857908358099e+06
1.116625857748072827e+06
1.116625857573941816e+06
1.116625857385977870e+06
1.116625857184181223e+06
1.116625856968539068e+06
1.116625856739062583e+06
1.116625856495741988e+06
1.116625856238591718e+06
1.116625855967604090e+06
1.116625855682771886e+06
1.116625855384106049e+06
1.116625855071600759e+06
1.116625854745253688e+06
1.116625854405073915e+06
1.116625854051054688e+06
1.116625853683199268e+06
1.116625853301501600e+06
1.116625852905977983e+06
