1.259314022592117079e+06
1.259314022588407388e+06
1.259314022578344680e+06
1.259314022561921505e+06
1.259314022539146477e+06
1.259314022510002367e+06
1.259314022474515252e+06
1.259314022432656260e+06
1.259314022384444019e+06
1.259314022329867817e+06
1.259314022268946748e+06
1.259314022201656830e+06
1.259314022128014127e+06
1.259314022048014915e+06
1.259314021961664548e+06
1.259314021868934389e+06
1.259314021769871237e+06
1.259314021664440166e+06
1.259314021552652353e+06
1.259314021434505004e+06
1.259314021310001612e+06
1.259314021179133793e+06
1.259314021041928325e+06
1.259314020898343762e+06
1.259314020748414099e+06
1.259314020592117682e+06
1.259314020429466851e+06
1.259314020260460675e+06
1.259314020085094264e+06
1.259314019903367152e+06
