2.107402751856883988e+06
2.107402751851744484e+06
2.107402751837789547e+06
2.107402751815030817e+06
2.107402751783444081e+06
2.107402751743030734e+06
2.107402751693831291e+06
2.107402751635815017e+06
2.107402751568985172e+06
2.107402751493331045e+06
2.107402751408855896e+06
2.107402751315589529e+06
2.107402751213483978e+06
2.107402751102584880e+06
2.107402750982860569e+06
2.107402750854332000e+06
2.107402750716987997e+06
2.107402750570829492e+06
2.107402750415857416e+06
2.107402750252073631e+06
2.107402750079457182e+06
2.107402749898035545e+06
2.107402749707806390e+06
2.107402749508764595e+06
2.107402749300915282e+06
2.107402749084241688e+06
2.107402748858752660e+06
2.107402748624441214e+06
2.107402748381328303e+06
2.107402748129401356e+06
