9.343867879055945203e+06
9.343867879042437300e+06
9.343867879005631432e+06
9.343867878945831209e+06
9.343867878862937912e+06
9.343867878756510094e+06
9.343867878627307713e+06
9.343867878474749625e+06
9.343867878299089149e+06
9.343867878100242466e+06
9.343867877878189087e+06
9.343867877632951364e+06
9.343867877364806831e+06
9.343867877073133364e+06
9.343867876758305356e+06
9.343867876420570537e+06
9.343867876059493050e+06
9.343867875675361603e+06
9.343867875267930329e+06
9.343867874837163836e+06
9.343867874383760616e+06
9.343867873906761408e+06
9.343867873406847939e+06
9.343867872883634642e+06
9.343867872337188572e+06
9.343867871767427772e+06
9.343867871174909174e+06
9.343867870558854192e+06
9.343867869919938967e+06
9.343867869257746264e+06
