1.699894122495916113e+07
1.699894122491934150e+07
1.699894122481041029e+07
1.699894122463292256e+07
1.699894122438648716e+07
1.699894122407143936e+07
1.699894122368748486e+07
1.699894122323486954e+07
1.699894122271374241e+07
1.699894122212382406e+07
1.699894122146489471e+07
1.699894122073695064e+07
1.699894121994090453e+07
1.699894121907620132e+07
1.699894121814196184e+07
1.699894121713949367e+07
1.699894121606798843e+07
1.699894121492810175e+07
1.699894121371899918e+07
1.699894121244205534e+07
1.699894121109559759e+07
1.699894120968058705e+07
1.699894120819654688e+07
1.699894120664437115e+07
1.699894120502281934e+07
1.699894120333272964e+07
1.699894120157445967e+07
1.699894119974664971e+07
1.699894119785048440e+07
1.699894119588531181e+07
