1.505420045879062638e+07
1.505420045877664164e+07
1.505420045873853005e+07
1.505420045867638290e+07
1.505420045858999714e+07
1.505420045847964659e+07
1.505420045834541880e+07
1.505420045818674192e+07
1.505420045800431259e+07
1.505420045779751241e+07
1.505420045756694116e+07
1.505420045731170848e+07
1.505420045703306608e+07
1.505420045672985353e+07
1.505420045640322380e+07
1.505420045605199225e+07
1.505420045567671768e+07
1.505420045527774654e+07
1.505420045485402830e+07
1.505420045440679602e+07
1.505420045393523201e+07
1.505420045343959704e+07
1.505420045292006992e+07
1.505420045237613656e+07
1.505420045180859417e+07
1.505420045121658593e+07
1.505420045060057938e+07
1.505420044996045344e+07
1.505420044929652289e+07
1.505420044860802591e+07
