8.380582596898145042e+06
8.380582596879724413e+06
8.380582596830232069e+06
8.380582596749504097e+06
8.380582596637319773e+06
8.380582596493889578e+06
8.380582596319244243e+06
8.380582596113085747e+06
8.380582595875870436e+06
8.380582595607360825e+06
8.380582595307284035e+06
8.380582594976332039e+06
8.380582594613757916e+06
8.380582594220005907e+06
8.380582593795043416e+06
8.380582593338604085e+06
8.380582592851107940e+06
8.380582592332102358e+06
8.380582591781891882e+06
8.380582591200462542e+06
8.380582590587690473e+06
8.380582589943452738e+06
8.380582589268094860e+06
8.380582588561377488e+06
8.380582587823611684e+06
8.380582587054246105e+06
8.380582586253737099e+06
8.380582585421775468e+06
8.380582584558609873e+06
8.380582583664190955e+06
