8.341349979426123202e+07
8.341349979415298998e+07
8.341349979385574162e+07
8.341349979337482154e+07
8.341349979270985723e+07
8.341349979185573757e+07
8.341349979081280529e+07
8.341349978958667815e+07
8.341349978817476332e+07
8.341349978657530248e+07
8.341349978479480743e+07
8.341349978281791508e+07
8.341349978066188097e+07
8.341349977831698954e+07
8.341349977578845620e+07
8.341349977307075262e+07
8.341349977016486228e+07
8.341349976707583666e+07
8.341349976380485296e+07
8.341349976033817232e+07
8.341349975669039786e+07
8.341349975285576284e+07
8.341349974883681536e+07
8.341349974462538958e+07
8.341349974023036659e+07
8.341349973565143347e+07
8.341349973088993132e+07
8.341349972593110800e+07
8.341349972079595923e+07
8.341349971546815336e+07
