1.674300025872181403e+06
1.674300025870859390e+06
1.674300025867208838e+06
1.674300025861283066e+06
1.674300025853041559e+06
1.674300025842512492e+06
1.674300025829685386e+06
1.674300025814573281e+06
1.674300025797153823e+06
1.674300025777417235e+06
1.674300025755408220e+06
1.674300025731097441e+06
1.674300025704485597e+06
1.674300025675580138e+06
1.674300025644379435e+06
1.674300025610885816e+06
1.674300025575073669e+06
1.674300025536983274e+06
1.674300025496578077e+06
1.674300025453898357e+06
1.674300025408906862e+06
1.674300025361617329e+06
1.674300025312041165e+06
1.674300025260139722e+06
1.674300025205961661e+06
1.674300025149493944e+06
1.674300025090724928e+06
1.674300025029640412e+06
1.674300024966284866e+06
1.674300024900630349e+06
