3.267081683813026547e+07
3.267081683812421560e+07
3.267081683810711652e+07
3.267081683807969093e+07
3.267081683804134279e+07
3.267081683799295127e+07
3.267081683793362230e+07
3.267081683786386997e+07
3.267081683778207004e+07
3.267081683769136667e+07
3.267081683758933470e+07
3.267081683747607842e+07
3.267081683735293522e+07
3.267081683721861616e+07
3.267081683707506955e+07
3.267081683692036197e+07
3.267081683675400168e+07
3.267081683657808229e+07
3.267081683639063686e+07
3.267081683619283885e+07
3.267081683598418534e+07
3.267081683576527610e+07
3.267081683553558961e+07
3.267081683529583365e+07
3.267081683504449949e+07
3.267081683478330821e+07
3.267081683451090008e+07
3.267081683422791585e+07
3.267081683393440768e+07
3.267081683363090083e+07
