8.444349103842003644e+07
8.444349103835140169e+07
8.444349103816543519e+07
8.444349103785905242e+07
8.444349103743380308e+07
8.444349103689591587e+07
8.444349103623166680e+07
8.444349103545387089e+07
8.444349103455857933e+07
8.444349103355161846e+07
8.444349103242272139e+07
8.444349103117038310e+07
8.444349102980551124e+07
8.444349102831695974e+07
8.444349102671222389e+07
8.444349102498795092e+07
8.444349102314801514e+07
8.444349102119198442e+07
8.444349101911443472e+07
8.444349101692183316e+07
8.444349101461043954e+07
8.444349101217983663e+07
8.444349100962892175e+07
8.444349100696207583e+07
8.444349100417846441e+07
8.444349100127650797e+07
8.444349099825426936e+07
8.444349099511653185e+07
8.444349099185739458e+07
8.444349098848897219e+07
