5.447672627519383095e+06
5.447672627514476888e+06
5.447672627501108684e+06
5.447672627479368821e+06
5.447672627449337393e+06
5.447672627410628833e+06
5.447672627363673411e+06
5.447672627308168449e+06
5.447672627244288102e+06
5.447672627171989530e+06
5.447672627091285773e+06
5.447672627002174966e+06
5.447672626904550008e+06
5.447672626798549667e+06
5.447672626684215851e+06
5.447672626561244018e+06
5.447672626430082135e+06
5.447672626290389337e+06
5.447672626142219640e+06
5.447672625985743478e+06
5.447672625820848159e+06
5.447672625647490844e+06
5.447672625465666875e+06
5.447672625275501050e+06
5.447672625076825731e+06
5.447672624869799241e+06
5.447672624654252082e+06
5.447672624430384487e+06
5.447672624198045582e+06
5.447672623957271688e+06
