1.525732220303593669e+06
1.525732220297810854e+06
1.525732220282089664e+06
1.525732220256454544e+06
1.525732220220889430e+06
1.525732220175386639e+06
1.525732220119973412e+06
1.525732220054628327e+06
1.525732219979344634e+06
1.525732219894145848e+06
1.525732219799015205e+06
1.525732219693966443e+06
1.525732219578989781e+06
1.525732219454076374e+06
1.525732219319247408e+06
1.525732219174479134e+06
1.525732219019800657e+06
1.525732218855182873e+06
1.525732218680651626e+06
1.525732218496182468e+06
1.525732218301789835e+06
1.525732218097472563e+06
1.525732217883221572e+06
1.525732217659050599e+06
1.525732217424946371e+06
1.525732217180931941e+06
1.525732216926970519e+06
1.525732216663090978e+06
1.525732216389293550e+06
1.525732216105571017e+06
