3.303921947350573912e+07
3.303921947347675636e+07
3.303921947339789197e+07
3.303921947327059507e+07
3.303921947309299558e+07
3.303921947286561131e+07
3.303921947258923575e+07
3.303921947226114571e+07
3.303921947188647091e+07
3.303921947146075219e+07
3.303921947098608315e+07
3.303921947046150267e+07
3.303921946988666430e+07
3.303921946926326677e+07
3.303921946858941391e+07
3.303921946786690131e+07
3.303921946709489077e+07
3.303921946627139673e+07
3.303921946540110931e+07
3.303921946447930858e+07
3.303921946350808814e+07
3.303921946248795465e+07
3.303921946141701937e+07
3.303921946029857919e+07
3.303921945912860706e+07
3.303921945791104436e+07
3.303921945664155483e+07
3.303921945532448962e+07
3.303921945395701379e+07
3.303921945253869519e+07
