1.781613026173280180e+08
1.781613026170980334e+08
1.781613026164783835e+08
1.781613026154561937e+08
1.781613026140454412e+08
1.781613026122364402e+08
1.781613026100403070e+08
1.781613026074554920e+08
1.781613026044893563e+08
1.781613026011038721e+08
1.781613025973234773e+08
1.781613025931651592e+08
1.781613025885990262e+08
1.781613025836572349e+08
1.781613025783190131e+08
1.781613025725716054e+08
1.781613025664255321e+08
1.781613025599140823e+08
1.781613025530032516e+08
1.781613025456893742e+08
1.781613025379840136e+08
1.781613025298833847e+08
1.781613025213912129e+08
1.781613025124875009e+08
1.781613025032248497e+08
1.781613024935543239e+08
1.781613024834769964e+08
1.781613024730213583e+08
1.781613024621701539e+08
1.781613024509291947e+08
