1.267369590734352544e+07
1.267369590733185038e+07
1.267369590730013140e+07
1.267369590724821761e+07
1.267369590717644803e+07
1.267369590708437935e+07
1.267369590697241388e+07
1.267369590684039891e+07
1.267369590668838844e+07
1.267369590651604719e+07
1.267369590632373095e+07
1.267369590611145087e+07
1.267369590587927215e+07
1.267369590562672354e+07
1.267369590535430051e+07
1.267369590506178141e+07
1.267369590474902093e+07
1.267369590441629849e+07
1.267369590406362340e+07
1.267369590369074792e+07
1.267369590329800546e+07
1.267369590288480371e+07
1.267369590245220251e+07
1.267369590199914202e+07
1.267369590152602457e+07
1.267369590103295818e+07
1.267369590051969141e+07
1.267369589998639189e+07
1.267369589943303168e+07
1.267369589885957539e+07
