6.403356682955328375e+06
6.403356682945973240e+06
6.403356682920727879e+06
6.403356682879469357e+06
6.403356682822152972e+06
6.403356682748970576e+06
6.403356682659690268e+06
6.403356682554516010e+06
6.403356682433258742e+06
6.403356682296114974e+06
6.403356682142808102e+06
6.403356681973747909e+06
6.403356681788560003e+06
6.403356681587439030e+06
6.403356681370348670e+06
6.403356681137240492e+06
6.403356680888133124e+06
6.403356680623068474e+06
6.403356680342052132e+06
6.403356680045071058e+06
6.403356679731981829e+06
6.403356679403054528e+06
6.403356679058196023e+06
6.403356678697135299e+06
6.403356678320207633e+06
6.403356677927327342e+06
6.403356677518399432e+06
6.403356677093493752e+06
6.403356676652615890e+06
6.403356676195789129e+06
