1.713293591883113608e+06
1.713293591881498694e+06
1.713293591877154540e+06
1.713293591870042495e+06
1.713293591860196088e+06
1.713293591847566655e+06
1.713293591832214035e+06
1.713293591814092593e+06
1.713293591793226311e+06
1.713293591769613558e+06
1.713293591743232217e+06
1.713293591714114184e+06
1.713293591682247818e+06
1.713293591647611931e+06
1.713293591610216070e+06
1.713293591570104007e+06
1.713293591527225217e+06
1.713293591481593437e+06
1.713293591433207970e+06
1.713293591382074403e+06
1.713293591328184586e+06
1.713293591271533165e+06
1.713293591212148080e+06
1.713293591150000924e+06
1.713293591085103573e+06
1.713293591017452767e+06
1.713293590947051533e+06
1.713293590873913607e+06
1.713293590798018966e+06
1.713293590719352709e+06
