1.659842319030753337e+07
1.659842319029833749e+07
1.659842319027362205e+07
1.659842319023306295e+07
1.659842319017746672e+07
1.659842319010582939e+07
1.659842319001878053e+07
1.659842318991591036e+07
1.659842318979764357e+07
1.659842318966359645e+07
1.659842318951438367e+07
1.659842318934877776e+07
1.659842318916832469e+07
1.659842318897180632e+07
1.659842318875973299e+07
1.659842318853208423e+07
1.659842318828891404e+07
1.659842318803002313e+07
1.659842318775568716e+07
1.659842318746575899e+07
1.659842318716028705e+07
1.659842318683883175e+07
1.659842318650182150e+07
1.659842318614965118e+07
1.659842318578146957e+07
1.659842318539780378e+07
1.659842318499848433e+07
1.659842318458362296e+07
1.659842318415304460e+07
1.659842318370709196e+07
