3.326556582994881645e+07
3.326556582989624515e+07
3.326556582975441590e+07
3.326556582952316105e+07
3.326556582920224965e+07
3.326556582878914475e+07
3.326556582828933001e+07
3.326556582769830152e+07
3.326556582701759040e+07
3.326556582624759898e+07
3.326556582538754866e+07
3.326556582443625852e+07
3.326556582339755073e+07
3.326556582226729020e+07
3.326556582104876265e+07
3.326556581973915547e+07
3.326556581834117696e+07
3.326556581685212627e+07
3.326556581527457759e+07
3.326556581360680610e+07
3.326556581184919178e+07
3.326556581000118330e+07
3.326556580806363747e+07
3.326556580603748560e+07
3.326556580392057449e+07
3.326556580171404779e+07
3.326556579941737279e+07
3.326556579703054205e+07
3.326556579455524683e+07
3.326556579198981822e+07
