4.541100303212940693e+07
4.541100303199625760e+07
4.541100303163284063e+07
4.541100303104350716e+07
4.541100303022060543e+07
4.541100302916945517e+07
4.541100302789194137e+07
4.541100302638386190e+07
4.541100302464722097e+07
4.541100302268008888e+07
4.541100302048350126e+07
4.541100301805968583e+07
4.541100301540439576e+07
4.541100301252333075e+07
4.541100300941110402e+07
4.541100300607163459e+07
4.541100300250149518e+07
4.541100299870022386e+07
4.541100299467161298e+07
4.541100299041413516e+07
4.541100298592749238e+07
4.541100298121094704e+07
4.541100297626711428e+07
4.541100297109253705e+07
4.541100296568877250e+07
4.541100296005723625e+07
4.541100295419730991e+07
4.541100294810664654e+07
4.541100294178443402e+07
4.541100293523858488e+07
