4.032837892276959028e+06
4.032837892258823849e+06
4.032837892209531739e+06
4.032837892129105516e+06
4.032837892017489765e+06
4.032837891874803230e+06
4.032837891700893175e+06
4.032837891495979857e+06
4.032837891259856522e+06
4.032837890992589295e+06
4.032837890694199596e+06
4.032837890364641789e+06
4.032837890003996901e+06
4.032837889612175059e+06
4.032837889189210255e+06
4.032837888735089451e+06
4.032837888249883894e+06
4.032837887733557262e+06
4.032837887186010834e+06
4.032837886607351247e+06
4.032837885997602250e+06
4.032837885356678162e+06
4.032837884684631135e+06
4.032837883981409483e+06
4.032837883247071877e+06
4.032837882481577341e+06
4.032837881684986409e+06
4.032837880857224111e+06
4.032837879998319782e+06
4.032837879108268768e+06
