2.344467215516748279e+07
2.344467215516403317e+07
2.344467215515399724e+07
2.344467215513767675e+07
2.344467215511515364e+07
2.344467215508631989e+07
2.344467215505117550e+07
2.344467215500961244e+07
2.344467215496231616e+07
2.344467215490868315e+07
2.344467215484814346e+07
2.344467215478178486e+07
2.344467215470885485e+07
2.344467215463031083e+07
2.344467215454491600e+07
2.344467215445337072e+07
2.344467215435546264e+07
2.344467215425186604e+07
2.344467215414069220e+07
2.344467215402380005e+07
2.344467215390126780e+07
2.344467215377162397e+07
2.344467215363609418e+07
2.344467215349530429e+07
2.344467215334704146e+07
2.344467215319235995e+07
2.344467215303191543e+07
2.344467215286492184e+07
2.344467215269207209e+07
2.344467215251307562e+07
