8.318650974222765304e+06
8.318650974218463525e+06
8.318650974206506275e+06
8.318650974187079817e+06
8.318650974160093814e+06
8.318650974125741981e+06
8.318650974083687179e+06
8.318650974034124985e+06
8.318650973977200687e+06
8.318650973912642337e+06
8.318650973840679042e+06
8.318650973761121742e+06
8.318650973674039356e+06
8.318650973579473794e+06
8.318650973477281630e+06
8.318650973367661238e+06
8.318650973250550218e+06
8.318650973125797696e+06
8.318650972993696108e+06
8.318650972853849642e+06
8.318650972706712782e+06
8.318650972551884130e+06
8.318650972389671952e+06
8.318650972220032476e+06
8.318650972042593174e+06
8.318650971857871860e+06
8.318650971665528603e+06
8.318650971465768293e+06
8.318650971258335747e+06
8.318650971043449827e+06
