2.170926348426076770e+07
2.170926348425495252e+07
2.170926348423981294e+07
2.170926348421510682e+07
2.170926348418048397e+07
2.170926348413619399e+07
2.170926348408328369e+07
2.170926348401976377e+07
2.170926348394706100e+07
2.170926348386503756e+07
2.170926348377322406e+07
2.170926348367186636e+07
2.170926348356132954e+07
2.170926348344056681e+07
2.170926348330969736e+07
2.170926348316993192e+07
2.170926348301997408e+07
2.170926348286115006e+07
2.170926348269247264e+07
2.170926348251393065e+07
2.170926348232685402e+07
2.170926348212976009e+07
2.170926348192256317e+07
2.170926348170557246e+07
2.170926348147981241e+07
2.170926348124354333e+07
2.170926348099804670e+07
2.170926348074335977e+07
2.170926348047916219e+07
2.170926348020448163e+07
