2.559887621536933351e+06
2.559887621535061393e+06
2.559887621529974975e+06
2.559887621521621011e+06
2.559887621510087047e+06
2.559887621495325584e+06
2.559887621477350127e+06
2.559887621456146706e+06
2.559887621431746520e+06
2.559887621404105797e+06
2.559887621373250149e+06
2.559887621339149773e+06
2.559887621301874053e+06
2.559887621261351276e+06
2.559887621217587031e+06
2.559887621170626488e+06
2.559887621120454744e+06
2.559887621067043860e+06
2.559887621010439470e+06
2.559887620950595941e+06
2.559887620887544006e+06
2.559887620821238495e+06
2.559887620751730632e+06
2.559887620679020416e+06
2.559887620603062678e+06
2.559887620523917954e+06
2.559887620441528037e+06
2.559887620355957188e+06
2.559887620267112274e+06
2.559887620175045915e+06
