1.735683292267259210e+07
1.735683292266799882e+07
1.735683292265596613e+07
1.735683292263634503e+07
1.735683292260892317e+07
1.735683292257377505e+07
1.735683292253116146e+07
1.735683292248055339e+07
1.735683292242217064e+07
1.735683292235572636e+07
1.735683292228200287e+07
1.735683292220100015e+07
1.735683292211201042e+07
1.735683292201592773e+07
1.735683292191127315e+07
1.735683292179909721e+07
1.735683292167948559e+07
1.735683292155198753e+07
1.735683292141710967e+07
1.735683292127420381e+07
1.735683292112376168e+07
1.735683292096561193e+07
1.735683292080006748e+07
1.735683292062639073e+07
1.735683292044526711e+07
1.735683292025656253e+07
1.735683292006021738e+07
1.735683291985565051e+07
1.735683291964404657e+07
1.735683291942391172e+07
