4.682014148106790148e+06
4.682014148085428402e+06
4.682014148027301766e+06
4.682014147932482883e+06
4.682014147801019251e+06
4.682014147632772103e+06
4.682014147427905351e+06
4.682014147186348215e+06
4.682014146907960065e+06
4.682014146593027748e+06
4.682014146241344512e+06
4.682014145852959715e+06
4.682014145427837968e+06
4.682014144966062158e+06
4.682014144467627630e+06
4.682014143932406791e+06
4.682014143360474147e+06
4.682014142751945183e+06
4.682014142106669955e+06
4.682014141424641944e+06
4.682014140705961734e+06
4.682014139950621873e+06
4.682014139158547856e+06
4.682014138329688460e+06
4.682014137464243919e+06
4.682014136562060565e+06
4.682014135623161681e+06
4.682014134647574276e+06
4.682014133635337465e+06
4.682014132586363703e+06
