4.745150434893391095e+06
4.745150434870179743e+06
4.745150434807112440e+06
4.745150434704224579e+06
4.745150434561490081e+06
4.745150434378987178e+06
4.745150434156666510e+06
4.745150433894436806e+06
4.745150433592440560e+06
4.745150433250620030e+06
4.745150432868986391e+06
4.745150432447481900e+06
4.745150431986146607e+06
4.745150431484973989e+06
4.745150430944027379e+06
4.745150430363252759e+06
4.745150429742617533e+06
4.745150429082177579e+06
4.745150428381973878e+06
4.745150427641770802e+06
4.745150426861875691e+06
4.745150426042128354e+06
4.745150425182560459e+06
4.745150424283145927e+06
4.745150423343940638e+06
4.745150422364817001e+06
4.745150421345972456e+06
4.745150420287299901e+06
4.745150419188735075e+06
4.745150418050426058e+06
