1.184115202763051540e+07
1.184115202760790288e+07
1.184115202754656412e+07
1.184115202744646370e+07
1.184115202730789967e+07
1.184115202713038959e+07
1.184115202691429667e+07
1.184115202665943094e+07
1.184115202636570856e+07
1.184115202603350766e+07
1.184115202566242218e+07
1.184115202525280602e+07
1.184115202480428107e+07
1.184115202431716397e+07
1.184115202379122749e+07
1.184115202322687767e+07
1.184115202262357995e+07
1.184115202198146284e+07
1.184115202130086534e+07
1.184115202058107965e+07
1.184115201982325688e+07
1.184115201902629621e+07
1.184115201819053106e+07
1.184115201731646433e+07
1.184115201640331559e+07
1.184115201545157656e+07
1.184115201446094550e+07
1.184115201343167759e+07
1.184115201236401871e+07
1.184115201125757955e+07
