5.104409045564009994e+07
5.104409045524245501e+07
5.104409045416114479e+07
5.104409045239634067e+07
5.104409044994857162e+07
5.104409044681839645e+07
5.104409044300211966e+07
5.104409043850318342e+07
5.104409043332550675e+07
5.104409042745980620e+07
5.104409042091355473e+07
5.104409041368243843e+07
5.104409040576890111e+07
5.104409039717070013e+07
5.104409038789121807e+07
5.104409037792854011e+07
5.104409036728088558e+07
5.104409035595154762e+07
5.104409034393992275e+07
5.104409033123969287e+07
5.104409031786244363e+07
5.104409030380008370e+07
5.104409028905364871e+07
5.104409027362543344e+07
5.104409025751245022e+07
5.104409024071804434e+07
5.104409022323647887e+07
5.104409020507565141e+07
5.104409018623070419e+07
5.104409016670322418e+07
