2.400928160554538481e+06
2.400928160551532172e+06
2.400928160543391481e+06
2.400928160530090332e+06
2.400928160511623602e+06
2.400928160488050897e+06
2.400928160459288396e+06
2.400928160425391514e+06
2.400928160386359785e+06
2.400928160342164338e+06
2.400928160292819142e+06
2.400928160238347948e+06
2.400928160178704187e+06
2.400928160113926511e+06
2.400928160043959506e+06
2.400928159968909808e+06
2.400928159888674505e+06
2.400928159803272691e+06
2.400928159712763969e+06
2.400928159617082682e+06
2.400928159516231157e+06
2.400928159410255030e+06
2.400928159299124964e+06
2.400928159182865173e+06
2.400928159061441664e+06
2.400928158934889827e+06
2.400928158803164028e+06
2.400928158666284289e+06
2.400928158524260856e+06
2.400928158377099782e+06
