9.924259586263067322e+05
9.924259586254493333e+05
9.924259586231301073e+05
9.924259586193482392e+05
9.924259586140837055e+05
9.924259586073606042e+05
9.924259585991714848e+05
9.924259585895142518e+05
9.924259585783919320e+05
9.924259585657980060e+05
9.924259585517455125e+05
9.924259585362180369e+05
9.924259585192231461e+05
9.924259585007667774e+05
9.924259584808415966e+05
9.924259584594478365e+05
9.924259584365863120e+05
9.924259584122591186e+05
9.924259583864683518e+05
9.924259583592063282e+05
9.924259583304831758e+05
9.924259583002850413e+05
9.924259582686217036e+05
9.924259582354952581e+05
9.924259582009002334e+05
9.924259581648337189e+05
9.924259581273075892e+05
9.924259580883103190e+05
9.924259580478480784e+05
9.924259580059174914e+05
