1.334469825052330829e+07
1.334469825048596971e+07
1.334469825038406253e+07
1.334469825021733902e+07
1.334469824998695962e+07
1.334469824969178811e+07
1.334469824933219887e+07
1.334469824890817516e+07
1.334469824842002057e+07
1.334469824786726013e+07
1.334469824725003354e+07
1.334469824656838924e+07
1.334469824582258053e+07
1.334469824501194246e+07
1.334469824413725547e+07
1.334469824319818802e+07
1.334469824219445698e+07
1.334469824112642929e+07
1.334469823999405466e+07
1.334469823879735358e+07
1.334469823753605410e+07
1.334469823621059209e+07
1.334469823482047580e+07
1.334469823336619884e+07
1.334469823184718564e+07
1.334469823026462272e+07
1.334469822861663252e+07
1.334469822690455429e+07
1.334469822512826324e+07
1.334469822328756191e+07
