5.976327788654531538e+07
5.976327788645347953e+07
5.976327788620032370e+07
5.976327788579027355e+07
5.976327788522274047e+07
5.976327788449221849e+07
5.976327788360515237e+07
5.976327788255994767e+07
5.976327788135250658e+07
5.976327787998701632e+07
5.976327787846223265e+07
5.976327787677980214e+07
5.976327787493744493e+07
5.976327787293585390e+07
5.976327787077549845e+07
5.976327786845662445e+07
5.976327786597882211e+07
5.976327786334016919e+07
5.976327786054517329e+07
5.976327785759022832e+07
5.976327785447335243e+07
5.976327785120189935e+07
5.976327784776852280e+07
5.976327784417850524e+07
5.976327784042885154e+07
5.976327783651984483e+07
5.976327783245173842e+07
5.976327782822453976e+07
5.976327782383636385e+07
5.976327781929080933e+07
