6.560939652049586177e+06
6.560939652002465911e+06
6.560939651874702424e+06
6.560939651666343212e+06
6.560939651377102360e+06
6.560939651007348672e+06
6.560939650556712411e+06
6.560939650025404058e+06
6.560939649413454346e+06
6.560939648720838130e+06
6.560939647947359830e+06
6.560939647093322128e+06
6.560939646158566698e+06
6.560939645142983645e+06
6.560939644046875648e+06
6.560939642869843170e+06
6.560939641612312756e+06
6.560939640274029225e+06
6.560939638855076395e+06
6.560939637355256826e+06
6.560939635774943978e+06
6.560939634113793261e+06
6.560939632371964864e+06
6.560939630549455993e+06
6.560939628646222875e+06
6.560939626662239432e+06
6.560939624597677961e+06
6.560939622452261858e+06
6.560939620226307772e+06
6.560939617919592187e+06
