9.729924965672995895e+06
9.729924965644447133e+06
9.729924965566776693e+06
9.729924965440565720e+06
9.729924965265056118e+06
9.729924965040717274e+06
9.729924964767387137e+06
9.729924964445024729e+06
9.729924964074023068e+06
9.729924963653730229e+06
9.729924963184673339e+06
9.729924962666707113e+06
9.729924962099799886e+06
9.729924961483683437e+06
9.729924960818974301e+06
9.729924960105044767e+06
9.729924959342289716e+06
9.729924958530666307e+06
9.729924957669960335e+06
9.729924956760257483e+06
9.729924955801688135e+06
9.729924954794315621e+06
9.729924953737771139e+06
9.729924952632222325e+06
9.729924951477872208e+06
9.729924950274618343e+06
9.729924949022255838e+06
9.729924947721058503e+06
9.729924946370689198e+06
9.729924944971751422e+06
