4.864632391982317902e+06
4.864632391970236786e+06
4.864632391937251203e+06
4.864632391883440316e+06
4.864632391808851622e+06
4.864632391713502817e+06
4.864632391597217880e+06
4.864632391460145824e+06
4.864632391302312724e+06
4.864632391123604961e+06
4.864632390924107283e+06
4.864632390703781508e+06
4.864632390462650917e+06
4.864632390200708993e+06
4.864632389917937107e+06
4.864632389614319429e+06
4.864632389289863408e+06
4.864632388944630511e+06
4.864632388578581624e+06
4.864632388191758655e+06
4.864632387783926912e+06
4.864632387355535291e+06
4.864632386906191707e+06
4.864632386436115019e+06
4.864632385945089161e+06
4.864632385433303192e+06
4.864632384900647216e+06
4.864632384347274899e+06
4.864632383773013949e+06
4.864632383177965879e+06
