1.274590541875229403e+07
1.274590541873265058e+07
1.274590541867945530e+07
1.274590541859249957e+07
1.274590541847213730e+07
1.274590541831786372e+07
1.274590541813013703e+07
1.274590541790882125e+07
1.274590541765362583e+07
1.274590541736488976e+07
1.274590541704274341e+07
1.274590541668655537e+07
1.274590541629703157e+07
1.274590541587367840e+07
1.274590541541674919e+07
1.274590541492608003e+07
1.274590541440209188e+07
1.274590541384433769e+07
1.274590541325282492e+07
1.274590541262765229e+07
1.274590541196894273e+07
1.274590541127669998e+07
1.274590541055089049e+07
1.274590540979101695e+07
1.274590540899763815e+07
1.274590540817070380e+07
1.274590540731048211e+07
1.274590540641619638e+07
1.274590540548813902e+07
1.274590540452682413e+07
