2.296686533979786932e+07
2.296686533975520730e+07
2.296686533964043856e+07
2.296686533945236728e+07
2.296686533919282630e+07
2.296686533885827288e+07
2.296686533845267072e+07
2.296686533797383308e+07
2.296686533742238209e+07
2.296686533679845557e+07
2.296686533610128611e+07
2.296686533533150330e+07
2.296686533448950574e+07
2.296686533357350156e+07
2.296686533258615062e+07
2.296686533152558655e+07
2.296686533039240167e+07
2.296686532918646187e+07
2.296686532790712640e+07
2.296686532655553520e+07
2.296686532513141260e+07
2.296686532363455370e+07
2.296686532206439972e+07
2.296686532042185217e+07
2.296686531870682910e+07
2.296686531691864505e+07
2.296686531505815312e+07
2.296686531312517077e+07
2.296686531111857295e+07
2.296686530903987959e+07
