8.901970834871469066e+06
8.901970834857199341e+06
8.901970834818640724e+06
8.901970834755474702e+06
8.901970834667937830e+06
8.901970834555920213e+06
8.901970834419382736e+06
8.901970834258466959e+06
8.901970834073208272e+06
8.901970833863548934e+06
8.901970833629306406e+06
8.901970833370633423e+06
8.901970833087541163e+06
8.901970832779981196e+06
8.901970832448031753e+06
8.901970832091562450e+06
8.901970831710727885e+06
8.901970831305589527e+06
8.901970830875854939e+06
8.901970830421701074e+06
8.901970829942971468e+06
8.901970829440087080e+06
8.901970828912407160e+06
8.901970828360700980e+06
8.901970827784217894e+06
8.901970827183436602e+06
8.901970826558161527e+06
8.901970825908577070e+06
8.901970825234467164e+06
8.901970824535915628e+06
