7.267202141530732624e+06
7.267202141509342007e+06
7.267202141451044939e+06
7.267202141355925240e+06
7.267202141224066727e+06
7.267202141055221669e+06
7.267202140849743970e+06
7.267202140607316047e+06
7.267202140328132547e+06
7.267202140012041666e+06
7.267202139659330249e+06
7.267202139269677922e+06
7.267202138843160123e+06
7.267202138379866257e+06
7.267202137879753485e+06
7.267202137342888862e+06
7.267202136769068427e+06
7.267202136158571579e+06
7.267202135511238128e+06
7.267202134827086702e+06
7.267202134106040001e+06
7.267202133348161355e+06
7.267202132553561591e+06
7.267202131721951067e+06
7.267202130853774957e+06
7.267202129948555492e+06
7.267202129006695934e+06
7.267202128028000705e+06
7.267202127012404613e+06
7.267202125960015692e+06
