3.128486715448662266e+07
3.128486715446225554e+07
3.128486715439501032e+07
3.128486715428551659e+07
3.128486715413390100e+07
3.128486715393970162e+07
3.128486715370318294e+07
3.128486715342501923e+07
3.128486715310425684e+07
3.128486715273990110e+07
3.128486715233407542e+07
3.128486715188542381e+07
3.128486715139507130e+07
3.128486715086247399e+07
3.128486715028687939e+07
3.128486714967020229e+07
3.128486714900904521e+07
3.128486714830759913e+07
3.128486714756173268e+07
3.128486714677549899e+07
3.128486714594601467e+07
3.128486714507466555e+07
3.128486714415984973e+07
3.128486714320414886e+07
3.128486714220418036e+07
3.128486714116407931e+07
3.128486714008031785e+07
3.128486713895447552e+07
3.128486713778655976e+07
3.128486713657562435e+07
