1.146126754911457561e+07
1.146126754908424802e+07
1.146126754900287837e+07
1.146126754886932857e+07
1.146126754868436791e+07
1.146126754844702408e+07
1.146126754815925099e+07
1.146126754781882837e+07
1.146126754742691666e+07
1.146126754698341526e+07
1.146126754648839869e+07
1.146126754594185017e+07
1.146126754534334689e+07
1.146126754469328374e+07
1.146126754399160482e+07
1.146126754323799536e+07
1.146126754243296012e+07
1.146126754157620855e+07
1.146126754066766426e+07
1.146126753970759362e+07
1.146126753869621642e+07
1.146126753763222694e+07
1.146126753651773557e+07
1.146126753535095975e+07
1.146126753413245268e+07
1.146126753286270797e+07
1.146126753154068254e+07
1.146126753016743623e+07
1.146126752874245308e+07
1.146126752726553194e+07
