1.403249155277406983e+07
1.403249155276136100e+07
1.403249155272675864e+07
1.403249155267015845e+07
1.403249155259245634e+07
1.403249155249215849e+07
1.403249155237012543e+07
1.403249155222677253e+07
1.403249155206154473e+07
1.403249155187391862e+07
1.403249155166509002e+07
1.403249155143425986e+07
1.403249155118162744e+07
1.403249155090685189e+07
1.403249155061066337e+07
1.403249155029252172e+07
1.403249154995275289e+07
1.403249154959085025e+07
1.403249154920741357e+07
1.403249154880207218e+07
1.403249154837470502e+07
1.403249154792601988e+07
1.403249154745456763e+07
1.403249154696184024e+07
1.403249154644775763e+07
1.403249154591135494e+07
1.403249154535328597e+07
1.403249154477352463e+07
1.403249154417193308e+07
1.403249154354826920e+07
