1.037747707223437168e+07
1.037747707222349569e+07
1.037747707219398767e+07
1.037747707214615308e+07
1.037747707207946666e+07
1.037747707199428603e+07
1.037747707189035602e+07
1.037747707176819444e+07
1.037747707162738778e+07
1.037747707146797888e+07
1.037747707128966786e+07
1.037747707109285519e+07
1.037747707087760046e+07
1.037747707064369135e+07
1.037747707039136626e+07
1.037747707012040354e+07
1.037747706983074546e+07
1.037747706952256151e+07
1.037747706919576041e+07
1.037747706885055639e+07
1.037747706848656945e+07
1.037747706810408086e+07
1.037747706770304032e+07
1.037747706728312932e+07
1.037747706684502028e+07
1.037747706638787501e+07
1.037747706591268629e+07
1.037747706541848183e+07
1.037747706490579434e+07
1.037747706437462009e+07
