1.572137753383656405e+07
1.572137753381189704e+07
1.572137753374503180e+07
1.572137753363681212e+07
1.572137753348665498e+07
1.572137753329395130e+07
1.572137753305987455e+07
1.572137753278345242e+07
1.572137753246544302e+07
1.572137753210499696e+07
1.572137753170271218e+07
1.572137753125869669e+07
1.572137753077247739e+07
1.572137753024440445e+07
1.572137752967452258e+07
1.572137752906254306e+07
1.572137752840854414e+07
1.572137752771254256e+07
1.572137752697456442e+07
1.572137752619468607e+07
1.572137752537252568e+07
1.572137752450900152e+07
1.572137752360308357e+07
1.572137752265552245e+07
1.572137752166551165e+07
1.572137752063346468e+07
1.572137751956014708e+07
1.572137751844460331e+07
1.572137751728674397e+07
1.572137751608741097e+07
