6.835509292038992047e+06
6.835509292027972639e+06
6.835509291997911409e+06
6.835509291949078441e+06
6.835509291881307028e+06
6.835509291794598103e+06
6.835509291688971221e+06
6.835509291564539075e+06
6.835509291421007365e+06
6.835509291258644313e+06
6.835509291077286005e+06
6.835509290877048858e+06
6.835509290657952428e+06
6.835509290419981815e+06
6.835509290162950754e+06
6.835509289886998944e+06
6.835509289592175744e+06
6.835509289278466254e+06
6.835509288945931941e+06
6.835509288594298065e+06
6.835509288223871030e+06
6.835509287834421732e+06
6.835509287426144816e+06
6.835509286998869851e+06
6.835509286552676000e+06
6.835509286087576300e+06
6.835509285603648052e+06
6.835509285100676119e+06
6.835509284578892402e+06
6.835509284038157202e+06
