1.674200346586342435e+06
1.674200346584285144e+06
1.674200346578685800e+06
1.674200346569517627e+06
1.674200346556839766e+06
1.674200346540597267e+06
1.674200346520825056e+06
1.674200346497521270e+06
1.674200346470661694e+06
1.674200346440265654e+06
1.674200346406329889e+06
1.674200346368836472e+06
1.674200346327819163e+06
1.674200346283251420e+06
1.674200346235151403e+06
1.674200346183499321e+06
1.674200346128306817e+06
1.674200346069576684e+06
1.674200346007311484e+06
1.674200345941488398e+06
1.674200345872143516e+06
1.674200345799250528e+06
1.674200345722806174e+06
1.674200345642817440e+06
1.674200345559303649e+06
1.674200345472245477e+06
1.674200345381625928e+06
1.674200345287482720e+06
1.674200345189794665e+06
1.674200345088564325e+06
