4.174714652995765209e+07
4.174714652993424237e+07
4.174714652986948192e+07
4.174714652976445109e+07
4.174714652961932868e+07
4.174714652943471074e+07
4.174714652921045572e+07
4.174714652894522250e+07
4.174714652863907814e+07
4.174714652829355747e+07
4.174714652790708095e+07
4.174714652747957408e+07
4.174714652701117843e+07
4.174714652650175244e+07
4.174714652595604956e+07
4.174714652536816150e+07
4.174714652473892272e+07
4.174714652406705916e+07
4.174714652335721999e+07
4.174714652260979265e+07
4.174714652181968838e+07
4.174714652098852396e+07
4.174714652011583745e+07
4.174714651920660585e+07
4.174714651825330406e+07
4.174714651726126671e+07
4.174714651622865349e+07
4.174714651515601575e+07
4.174714651404090226e+07
4.174714651288776100e+07
