8.388222539285705425e+05
8.388222539278066251e+05
8.388222539257386234e+05
8.388222539223580388e+05
8.388222539176702267e+05
8.388222539116693661e+05
8.388222539043677971e+05
8.388222538957583020e+05
8.388222538858397165e+05
8.388222538746062201e+05
8.388222538620659616e+05
8.388222538482197560e+05
8.388222538330710959e+05
8.388222538166077575e+05
8.388222537988348631e+05
8.388222537797596306e+05
8.388222537593686720e+05
8.388222537376711844e+05
8.388222537146734539e+05
8.388222536903563887e+05
8.388222536647355882e+05
8.388222536378076766e+05
8.388222536095705582e+05
8.388222535800241167e+05
8.388222535491751041e+05
8.388222535170118790e+05
8.388222534835385159e+05
8.388222534487630473e+05
8.388222534126719693e+05
8.388222533752771560e+05
