3.253357672583793849e+07
3.253357672582323104e+07
3.253357672578353435e+07
3.253357672571876273e+07
3.253357672562893108e+07
3.253357672551354021e+07
3.253357672537194937e+07
3.253357672520582750e+07
3.253357672501385212e+07
3.253357672479823232e+07
3.253357672455590963e+07
3.253357672428812459e+07
3.253357672399652377e+07
3.253357672367855906e+07
3.253357672333513200e+07
3.253357672296787053e+07
3.253357672257549688e+07
3.253357672215638310e+07
3.253357672171318531e+07
3.253357672124253586e+07
3.253357672075010091e+07
3.253357672023078799e+07
3.253357671968512237e+07
3.253357671911559254e+07
3.253357671852037311e+07
3.253357671789989248e+07
3.253357671725460514e+07
3.253357671658308059e+07
3.253357671588767320e+07
3.253357671516585350e+07
