9.996640629647847265e+06
9.996640629636172205e+06
9.996640629604417831e+06
9.996640629552759230e+06
9.996640629481110722e+06
9.996640629389099777e+06
9.996640629277484491e+06
9.996640629145640880e+06
9.996640628993861377e+06
9.996640628822198138e+06
9.996640628630271181e+06
9.996640628418173641e+06
9.996640628186378628e+06
9.996640627934236079e+06
9.996640627662356943e+06
9.996640627370456234e+06
9.996640627058597282e+06
9.996640626726387069e+06
9.996640626374417916e+06
9.996640626002170146e+06
9.996640625610210001e+06
9.996640625198073685e+06
9.996640624765936285e+06
9.996640624313816428e+06
9.996640623841768131e+06
9.996640623349392787e+06
9.996640622837232426e+06
9.996640622304935008e+06
9.996640621752740815e+06
9.996640621180512011e+06
