1.874626442349101184e+06
1.874626442347413627e+06
1.874626442342816386e+06
1.874626442335307132e+06
1.874626442324906355e+06
1.874626442311590537e+06
1.874626442295393674e+06
1.874626442276288290e+06
1.874626442254266702e+06
1.874626442229349632e+06
1.874626442201517522e+06
1.874626442170802038e+06
1.874626442137177335e+06
1.874626442100652261e+06
1.874626442061204230e+06
1.874626442018882139e+06
1.874626441973633831e+06
1.874626441925490974e+06
1.874626441874447977e+06
1.874626441820510430e+06
1.874626441763652721e+06
1.874626441703894641e+06
1.874626441641228739e+06
1.874626441575679230e+06
1.874626441507206997e+06
1.874626441435854416e+06
1.874626441361575155e+06
1.874626441284400411e+06
1.874626441204316448e+06
1.874626441121355398e+06
