1.603684819226668449e+06
1.603684819225731771e+06
1.603684819223202066e+06
1.603684819219077937e+06
1.603684819213337731e+06
1.603684819206028944e+06
1.603684819197106175e+06
1.603684819186571753e+06
1.603684819174474338e+06
1.603684819160736166e+06
1.603684819145433838e+06
1.603684819128525676e+06
1.603684819110004231e+06
1.603684819089889526e+06
1.603684819068198092e+06
1.603684819044894539e+06
1.603684819019984920e+06
1.603684818993491819e+06
1.603684818965393119e+06
1.603684818935693940e+06
1.603684818904401502e+06
1.603684818871507188e+06
1.603684818837020546e+06
1.603684818800937384e+06
1.603684818763240241e+06
1.603684818723965669e+06
1.603684818683082471e+06
1.603684818640597863e+06
1.603684818596525816e+06
1.603684818550841184e+06
