9.608873103343283292e+05
9.608873103339638328e+05
9.608873103329667356e+05
9.608873103313524043e+05
9.608873103290966246e+05
9.608873103262120858e+05
9.608873103227055399e+05
9.608873103185683722e+05
9.608873103138080332e+05
9.608873103084122995e+05
9.608873103023875738e+05
9.608873102957392111e+05
9.608873102884619730e+05
9.608873102805495728e+05
9.608873102720176103e+05
9.608873102628532797e+05
9.608873102530636825e+05
9.608873102426420664e+05
9.608873102315872675e+05
9.608873102199118584e+05
9.608873102076073410e+05
9.608873101946739480e+05
9.608873101811129600e+05
9.608873101669230964e+05
9.608873101520992350e+05
9.608873101366503397e+05
9.608873101205787389e+05
9.608873101038732566e+05
9.608873100865365705e+05
9.608873100685751997e+05
