6.141528446361676790e+06
6.141528446351986378e+06
6.141528446325580589e+06
6.141528446282270364e+06
6.141528446222389117e+06
6.141528446145804599e+06
6.141528446052379906e+06
6.141528445942297578e+06
6.141528445815496147e+06
6.141528445672011934e+06
6.141528445511785336e+06
6.141528445334758610e+06
6.141528445141015574e+06
6.141528444930693135e+06
6.141528444703580812e+06
6.141528444459640421e+06
6.141528444199161604e+06
6.141528443921716884e+06
6.141528443627858534e+06
6.141528443316964433e+06
6.141528442989528179e+06
6.141528442645295523e+06
6.141528442284402438e+06
6.141528441906841472e+06
6.141528441512455232e+06
6.141528441101344302e+06
6.141528440673473291e+06
6.141528440229120664e+06
6.141528439767901786e+06
6.141528439289824106e+06
