8.443516266189515591e+05
8.443516266110545257e+05
8.443516265895973193e+05
8.443516265545823844e+05
8.443516265060153091e+05
8.443516264438913204e+05
8.443516263682165882e+05
8.443516262789873872e+05
8.443516261762025533e+05
8.443516260598624358e+05
8.443516259299686644e+05
8.443516257865169318e+05
8.443516256295201601e+05
8.443516254589577438e+05
8.443516252748436527e+05
8.443516250771767227e+05
8.443516248659596313e+05
8.443516246411848115e+05
8.443516244028538931e+05
8.443516241509692045e+05
8.443516238855284173e+05
8.443516236065424746e+05
8.443516233139886754e+05
8.443516230078892549e+05
8.443516226882333867e+05
8.443516223550172290e+05
8.443516220082567306e+05
8.443516216479380382e+05
8.443516212740638293e+05
8.443516208866374800e+05
