2.678298062597469240e+07
2.678298062593279406e+07
2.678298062581957504e+07
2.678298062563396618e+07
2.678298062537758425e+07
2.678298062504942343e+07
2.678298062464998290e+07
2.678298062417675182e+07
2.678298062363320217e+07
2.678298062301813439e+07
2.678298062233048305e+07
2.678298062157220766e+07
2.678298062074167654e+07
2.678298061983897164e+07
2.678298061886557192e+07
2.678298061782045662e+07
2.678298061670359969e+07
2.678298061551450193e+07
2.678298061425285786e+07
2.678298061292124912e+07
2.678298061151762307e+07
2.678298061004170030e+07
2.678298060849449784e+07
2.678298060687521473e+07
2.678298060518408939e+07
2.678298060342161730e+07
2.678298060158690065e+07
2.678298059968113899e+07
2.678298059770402685e+07
2.678298059565505385e+07
