1.761516181488377228e+07
1.761516181486319378e+07
1.761516181480748951e+07
1.761516181471607462e+07
1.761516181458989531e+07
1.761516181442831457e+07
1.761516181423158199e+07
1.761516181399962679e+07
1.761516181373227015e+07
1.761516181342971697e+07
1.761516181309209019e+07
1.761516181271891296e+07
1.761516181231060252e+07
1.761516181186706200e+07
1.761516181138860434e+07
1.761516181087428331e+07
1.761516181032533944e+07
1.761516180974095315e+07
1.761516180912090465e+07
1.761516180846563354e+07
1.761516180777582526e+07
1.761516180705030635e+07
1.761516180628960207e+07
1.761516180549307913e+07
1.761516180466227606e+07
1.761516180379592255e+07
1.761516180289424583e+07
1.761516180195713416e+07
1.761516180098493770e+07
1.761516179997753352e+07
