2.829982807461316511e+07
2.829982807456847280e+07
2.829982807444847375e+07
2.829982807425269112e+07
2.829982807398216054e+07
2.829982807363475487e+07
2.829982807321105525e+07
2.829982807271187752e+07
2.829982807213851064e+07
2.829982807148752734e+07
2.829982807076131925e+07
2.829982806995869428e+07
2.829982806908245757e+07
2.829982806812871620e+07
2.829982806709907576e+07
2.829982806599361077e+07
2.829982806481321529e+07
2.829982806355683133e+07
2.829982806222411618e+07
2.829982806081623212e+07
2.829982805933310464e+07
2.829982805777308345e+07
2.829982805613597855e+07
2.829982805442630872e+07
2.829982805263860524e+07
2.829982805077553540e+07
2.829982804883733392e+07
2.829982804682331532e+07
2.829982804473327845e+07
2.829982804256749898e+07
