1.394308593989463523e+06
1.394308593989077723e+06
1.394308593987992499e+06
1.394308593986233929e+06
1.394308593983796658e+06
1.394308593980660895e+06
1.394308593976859935e+06
1.394308593972363742e+06
1.394308593967201654e+06
1.394308593961351318e+06
1.394308593954815762e+06
1.394308593947601272e+06
1.394308593939707614e+06
1.394308593931138981e+06
1.394308593921873486e+06
1.394308593911934877e+06
1.394308593901307322e+06
1.394308593890015269e+06
1.394308593878020532e+06
1.394308593865355477e+06
1.394308593852003571e+06
1.394308593837966211e+06
1.394308593823259464e+06
1.394308593807864701e+06
1.394308593791788910e+06
1.394308593775031855e+06
1.394308593757597264e+06
1.394308593739469768e+06
1.394308593720660778e+06
1.394308593701187521e+06
