3.610178597529085819e+06
3.610178597522651311e+06
3.610178597505042329e+06
3.610178597476424184e+06
3.610178597436679062e+06
3.610178597385864239e+06
3.610178597323963884e+06
3.610178597250926308e+06
3.610178597166851163e+06
3.610178597071691882e+06
3.610178596965418663e+06
3.610178596848046873e+06
3.610178596719585359e+06
3.610178596580034588e+06
3.610178596429399680e+06
3.610178596267701127e+06
3.610178596094862092e+06
3.610178595910958480e+06
3.610178595715979580e+06
3.610178595509895124e+06
3.610178595292728394e+06
3.610178595064498018e+06
3.610178594825114589e+06
3.610178594574672170e+06
3.610178594313155394e+06
3.610178594040533993e+06
3.610178593756867573e+06
3.610178593462039251e+06
3.610178593156182673e+06
3.610178592839156277e+06
