2.699686490250759199e+07
2.699686490245571360e+07
2.699686490231534466e+07
2.699686490208613127e+07
2.699686490176755935e+07
2.699686490135994181e+07
2.699686490086325258e+07
2.699686490027817711e+07
2.699686489960374683e+07
2.699686489884071052e+07
2.699686489798819274e+07
2.699686489704772830e+07
2.699686489601784199e+07
2.699686489489967376e+07
2.699686489369131252e+07
2.699686489239449799e+07
2.699686489100923389e+07
2.699686488953574002e+07
2.699686488797160611e+07
2.699686488631887361e+07
2.699686488457819447e+07
2.699686488274822384e+07
2.699686488083043694e+07
2.699686487882201374e+07
2.699686487672513723e+07
2.699686487453828007e+07
2.699686487226405367e+07
2.699686486990036815e+07
2.699686486744872108e+07
2.699686486490745470e+07
