2.377876842166062444e+06
2.377876842163408641e+06
2.377876842156190891e+06
2.377876842144366354e+06
2.377876842128025834e+06
2.377876842107119039e+06
2.377876842081616633e+06
2.377876842051547486e+06
2.377876842016939074e+06
2.377876841977748089e+06
2.377876841933995020e+06
2.377876841885653324e+06
2.377876841832753271e+06
2.377876841775314417e+06
2.377876841713316739e+06
2.377876841646717396e+06
2.377876841575558297e+06
2.377876841499885079e+06
2.377876841419571079e+06
2.377876841334740631e+06
2.377876841245330404e+06
2.377876841151341330e+06
2.377876841052795760e+06
2.377876840949680656e+06
2.377876840842008125e+06
2.377876840729773510e+06
2.377876840612971690e+06
2.377876840491579846e+06
2.377876840365621727e+06
2.377876840235141572e+06
