1.818671701577644795e+06
1.818671701576699270e+06
1.818671701574133476e+06
1.818671701569933211e+06
1.818671701564134564e+06
1.818671701556685613e+06
1.818671701547624310e+06
1.818671701536939945e+06
1.818671701524628559e+06
1.818671701510699466e+06
1.818671701495166402e+06
1.818671701477980008e+06
1.818671701459188014e+06
1.818671701438759919e+06
1.818671701416721800e+06
1.818671701393055497e+06
1.818671701367752627e+06
1.818671701340857660e+06
1.818671701312321005e+06
1.818671701282165013e+06
1.818671701250371290e+06
1.818671701216968708e+06
1.818671701181942597e+06
1.818671701145281782e+06
1.818671701107015135e+06
1.818671701067117276e+06
1.818671701025605202e+06
1.818671700982465409e+06
1.818671700937698828e+06
1.818671700891309883e+06
