3.053546778023006767e+07
3.053546778019487113e+07
3.053546778009952232e+07
3.053546777994419262e+07
3.053546777972705290e+07
3.053546777945070341e+07
3.053546777911482379e+07
3.053546777871707454e+07
3.053546777825955674e+07
3.053546777774229273e+07
3.053546777716366202e+07
3.053546777652589232e+07
3.053546777582727373e+07
3.053546777506868914e+07
3.053546777424896881e+07
3.053546777336955443e+07
3.053546777242882177e+07
3.053546777142902836e+07
3.053546777036987618e+07
3.053546776924736425e+07
3.053546776806711778e+07
3.053546776682594046e+07
3.053546776552330330e+07
3.053546776416188851e+07
3.053546776273863018e+07
3.053546776125647500e+07
3.053546775971388817e+07
3.053546775811045989e+07
3.053546775644613430e+07
3.053546775472202152e+07
