4.022775820013295859e+06
4.022775820008140523e+06
4.022775819994093850e+06
4.022775819971194956e+06
4.022775819939414971e+06
4.022775819898706861e+06
4.022775819849147927e+06
4.022775819790729322e+06
4.022775819723458961e+06
4.022775819647321478e+06
4.022775819562261458e+06
4.022775819468366448e+06
4.022775819365603849e+06
4.022775819253924768e+06
4.022775819133387879e+06
4.022775819003991783e+06
4.022775818865766283e+06
4.022775818718603812e+06
4.022775818562554196e+06
4.022775818397685420e+06
4.022775818223935552e+06
4.022775818041315768e+06
4.022775817849763203e+06
4.022775817649376113e+06
4.022775817440105602e+06
4.022775817221991718e+06
4.022775816995042376e+06
4.022775816759082489e+06
4.022775816514383536e+06
4.022775816260720138e+06
