9.904155721600223333e+06
9.904155721581194550e+06
9.904155721529697999e+06
9.904155721445590258e+06
9.904155721328701824e+06
9.904155721179421991e+06
9.904155720997592434e+06
9.904155720782967284e+06
9.904155720536019653e+06
9.904155720256317407e+06
9.904155719944288954e+06
9.904155719599442557e+06
9.904155719221828505e+06
9.904155718811968341e+06
9.904155718369409442e+06
9.904155717894282192e+06
9.904155717386681587e+06
9.904155716846290976e+06
9.904155716273494065e+06
9.904155715668035671e+06
9.904155715030018240e+06
9.904155714359400794e+06
9.904155713656244799e+06
9.904155712920414284e+06
9.904155712151817977e+06
9.904155711351186037e+06
9.904155710517484695e+06
9.904155709651298821e+06
9.904155708752879873e+06
9.904155707821400836e+06
