2.331399466198001057e+06
2.331399466188432649e+06
2.331399466162494849e+06
2.331399466120105237e+06
2.331399466061310843e+06
2.331399465986107942e+06
2.331399465894490015e+06
2.331399465786499437e+06
2.331399465662105940e+06
2.331399465521260630e+06
2.331399465364036616e+06
2.331399465190397575e+06
2.331399465000357479e+06
2.331399464793919120e+06
2.331399464571031276e+06
2.331399464331771713e+06
2.331399464076099917e+06
2.331399463804055471e+06
2.331399463515534997e+06
2.331399463210650254e+06
2.331399462889366783e+06
2.331399462551651057e+06
2.331399462197550107e+06
2.331399461827024352e+06
2.331399461440095678e+06
2.331399461036765948e+06
2.331399460617030971e+06
2.331399460180860013e+06
2.331399459728336893e+06
2.331399459259355906e+06
