4.236523104782347381e+07
4.236523104779991508e+07
4.236523104773610830e+07
4.236523104763069004e+07
4.236523104748500139e+07
4.236523104729793966e+07
4.236523104707030207e+07
4.236523104680066556e+07
4.236523104649111629e+07
4.236523104613938928e+07
4.236523104574988037e+07
4.236523104531709105e+07
4.236523104484488070e+07
4.236523104433055967e+07
4.236523104377647489e+07
4.236523104317905754e+07
4.236523104254266620e+07
4.236523104186604917e+07
4.236523104114840180e+07
4.236523104038747400e+07
4.236523103959040344e+07
4.236523103874920309e+07
4.236523103786750883e+07
4.236523103694347292e+07
4.236523103598158062e+07
4.236523103497763723e+07
4.236523103393259645e+07
4.236523103284586221e+07
4.236523103172039241e+07
4.236523103055108339e+07
