4.235485117209804803e+07
4.235485117208524793e+07
4.235485117204962671e+07
4.235485117199142277e+07
4.235485117191156745e+07
4.235485117180923373e+07
4.235485117168499529e+07
4.235485117153845727e+07
4.235485117136755586e+07
4.235485117117494345e+07
4.235485117096018791e+07
4.235485117072375864e+07
4.235485117046555877e+07
4.235485117018359154e+07
4.235485116987940669e+07
4.235485116955471039e+07
4.235485116920451075e+07
4.235485116883406788e+07
4.235485116844073683e+07
4.235485116802578419e+07
4.235485116758991778e+07
4.235485116712851822e+07
4.235485116664561629e+07
4.235485116614026576e+07
4.235485116561341286e+07
4.235485116506308317e+07
4.235485116449146718e+07
4.235485116389794648e+07
4.235485116327963769e+07
4.235485116264160722e+07
