6.763432171586281061e+07
6.763432171585042775e+07
6.763432171581812203e+07
6.763432171576412022e+07
6.763432171569085121e+07
6.763432171559673548e+07
6.763432171548148990e+07
6.763432171534486115e+07
6.763432171518793702e+07
6.763432171501083672e+07
6.763432171481223404e+07
6.763432171459411085e+07
6.763432171435694396e+07
6.763432171409846842e+07
6.763432171381856501e+07
6.763432171351981163e+07
6.763432171320070326e+07
6.763432171285864711e+07
6.763432171249783039e+07
6.763432171211403608e+07
6.763432171170917153e+07
6.763432171128508449e+07
6.763432171084131300e+07
6.763432171037851274e+07
6.763432170989088714e+07
6.763432170938372612e+07
6.763432170885755122e+07
6.763432170831014216e+07
6.763432170774267614e+07
6.763432170715078712e+07
