1.089684663308755159e+08
1.089684663307583928e+08
1.089684663304403275e+08
1.089684663299274743e+08
1.089684663292154670e+08
1.089684663282970339e+08
1.089684663271814883e+08
1.089684663258663565e+08
1.089684663243467212e+08
1.089684663226314783e+08
1.089684663207144141e+08
1.089684663185989112e+08
1.089684663162858039e+08
1.089684663137767762e+08
1.089684663110596687e+08
1.089684663081474155e+08
1.089684663050315231e+08
1.089684663017202914e+08
1.089684662982089072e+08
1.089684662944915593e+08
1.089684662905775309e+08
1.089684662864665091e+08
1.089684662821549177e+08
1.089684662776408046e+08
1.089684662729328126e+08
1.089684662680207640e+08
1.089684662629095167e+08
1.089684662575976551e+08
1.089684662520853877e+08
1.089684662463761866e+08
