1.969760845439641038e+06
1.969760845437941607e+06
1.969760845433309674e+06
1.969760845425744541e+06
1.969760845415232237e+06
1.969760845401806291e+06
1.969760845385457855e+06
1.969760845366179710e+06
1.969760845343971392e+06
1.969760845318834065e+06
1.969760845290757483e+06
1.969760845259760739e+06
1.969760845225842670e+06
1.969760845188969281e+06
1.969760845149195055e+06
1.969760845106474590e+06
1.969760845060827909e+06
1.969760845012267353e+06
1.969760844960773131e+06
1.969760844906339655e+06
1.969760844848974375e+06
1.969760844788696151e+06
1.969760844725471688e+06
1.969760844659323338e+06
1.969760844590254361e+06
1.969760844518244267e+06
1.969760844443323091e+06
1.969760844365461264e+06
1.969760844284662278e+06
1.969760844200949883e+06
