2.492735313623134792e+07
2.492735313616854697e+07
2.492735313599715754e+07
2.492735313571714237e+07
2.492735313532937691e+07
2.492735313483281806e+07
2.492735313422891870e+07
2.492735313351555169e+07
2.492735313269481063e+07
2.492735313176520541e+07
2.492735313072816655e+07
2.492735312958212942e+07
2.492735312832869589e+07
2.492735312696595490e+07
2.492735312549432367e+07
2.492735312391602993e+07
2.492735312222882733e+07
2.492735312043252215e+07
2.492735311852929369e+07
2.492735311651770025e+07
2.492735311439714581e+07
2.492735311216827109e+07
2.492735310983138904e+07
2.492735310738695040e+07
2.492735310483346134e+07
2.492735310217152908e+07
2.492735309940120205e+07
2.492735309652299806e+07
2.492735309353704751e+07
2.492735309044200927e+07
