1.011018206467698216e+08
1.011018206466943324e+08
1.011018206464879066e+08
1.011018206461501420e+08
1.011018206456847489e+08
1.011018206450862736e+08
1.011018206443597674e+08
1.011018206435021162e+08
1.011018206425127238e+08
1.011018206413915157e+08
1.011018206401509196e+08
1.011018206387682110e+08
1.011018206372547001e+08
1.011018206356158257e+08
1.011018206338495910e+08
1.011018206319500059e+08
1.011018206299169511e+08
1.011018206277515888e+08
1.011018206254650056e+08
1.011018206230441928e+08
1.011018206204939634e+08
1.011018206178132147e+08
1.011018206150007844e+08
1.011018206120595187e+08
1.011018206089847833e+08
1.011018206057839096e+08
1.011018206024446636e+08
1.011018205989817977e+08
1.011018205953953713e+08
1.011018205916662961e+08
