4.225878885508763604e+06
4.225878885496440344e+06
4.225878885463031009e+06
4.225878885408560745e+06
4.225878885332956910e+06
4.225878885236334987e+06
4.225878885118563659e+06
4.225878884979712777e+06
4.225878884819803759e+06
4.225878884638745338e+06
4.225878884436647408e+06
4.225878884213399142e+06
4.225878883969116025e+06
4.225878883703674190e+06
4.225878883417206816e+06
4.225878883109604940e+06
4.225878882780949585e+06
4.225878882431167178e+06
4.225878882060301490e+06
4.225878881668346934e+06
4.225878881255300716e+06
4.225878880821146071e+06
4.225878880365917459e+06
4.225878879889616743e+06
4.225878879392230883e+06
4.225878878873744980e+06
4.225878878334128298e+06
4.225878877773444168e+06
4.225878877191661857e+06
4.225878876588786021e+06
