5.132385413057433441e+06
5.132385413052547723e+06
5.132385413039398380e+06
5.132385413017971441e+06
5.132385412988141179e+06
5.132385412950172089e+06
5.132385412903761491e+06
5.132385412849034183e+06
5.132385412785987370e+06
5.132385412714740261e+06
5.132385412635216489e+06
5.132385412547389977e+06
5.132385412451079115e+06
5.132385412346566096e+06
5.132385412233755924e+06
5.132385412112675607e+06
5.132385411983283237e+06
5.132385411845536903e+06
5.132385411699463613e+06
5.132385411545133218e+06
5.132385411382386461e+06
5.132385411211454310e+06
5.132385411032227799e+06
5.132385410844638944e+06
5.132385410648810677e+06
5.132385410444564186e+06
5.132385410232039168e+06
5.132385410011274740e+06
5.132385409782136790e+06
5.132385409544698894e+06
