9.060328620906770229e+07
9.060328620895087719e+07
9.060328620863452554e+07
9.060328620811602473e+07
9.060328620740096271e+07
9.060328620648267865e+07
9.060328620536381006e+07
9.060328620404368639e+07
9.060328620252792537e+07
9.060328620081028342e+07
9.060328619889615476e+07
9.060328619677895308e+07
9.060328619445703924e+07
9.060328619193677604e+07
9.060328618921835721e+07
9.060328618629926443e+07
9.060328618317951262e+07
9.060328617986162007e+07
9.060328617634043097e+07
9.060328617262081802e+07
9.060328616869889200e+07
9.060328616458244622e+07
9.060328616025742888e+07
9.060328615574178100e+07
9.060328615101692080e+07
9.060328614610245824e+07
9.060328614097550511e+07
9.060328613565810025e+07
9.060328613013824821e+07
9.060328612441569567e+07
