1.640930666081883013e+07
1.640930666079104319e+07
1.640930666071539372e+07
1.640930666059151664e+07
1.640930666042066552e+07
1.640930666020114161e+07
1.640930665993452817e+07
1.640930665961996093e+07
1.640930665925706923e+07
1.640930665884660557e+07
1.640930665838861465e+07
1.640930665788248926e+07
1.640930665732896887e+07
1.640930665672672354e+07
1.640930665607777238e+07
1.640930665538013913e+07
1.640930665463532507e+07
1.640930665384233557e+07
1.640930665300187096e+07
1.640930665211338736e+07
1.640930665117674693e+07
1.640930665019266866e+07
1.640930664916094206e+07
1.640930664808114246e+07
1.640930664695341140e+07
1.640930664577808790e+07
1.640930664455503412e+07
1.640930664328421652e+07
1.640930664196494222e+07
1.640930664059848711e+07
