4.136774114921330474e+06
4.136774114913444966e+06
4.136774114892138168e+06
4.136774114857311361e+06
4.136774114809007850e+06
4.136774114747274667e+06
4.136774114672037307e+06
4.136774114583239425e+06
4.136774114481032826e+06
4.136774114365375135e+06
4.136774114236158784e+06
4.136774114093517419e+06
4.136774113937366288e+06
4.136774113767745905e+06
4.136774113584728912e+06
4.136774113388132770e+06
4.136774113178060390e+06
4.136774112954544369e+06
4.136774112717536744e+06
4.136774112467060797e+06
4.136774112203094643e+06
4.136774111925689969e+06
4.136774111634719651e+06
4.136774111330413260e+06
4.136774111012466718e+06
4.136774110681093298e+06
4.136774110336297657e+06
4.136774109977953602e+06
4.136774109606131911e+06
4.136774109220894519e+06
