5.042219745032036304e+07
5.042219745027719438e+07
5.042219745016105473e+07
5.042219744997155666e+07
5.042219744970934093e+07
5.042219744937429577e+07
5.042219744896188378e+07
5.042219744847967476e+07
5.042219744792464375e+07
5.042219744729422778e+07
5.042219744658952206e+07
5.042219744581277668e+07
5.042219744496291131e+07
5.042219744403814524e+07
5.042219744304335862e+07
5.042219744197229296e+07
5.042219744082689285e+07
5.042219743960908055e+07
5.042219743832121044e+07
5.042219743695645034e+07
5.042219743552007526e+07
5.042219743400818855e+07
5.042219743242358416e+07
5.042219743076696247e+07
5.042219742903459817e+07
5.042219742723000795e+07
5.042219742535491288e+07
5.042219742340108007e+07
5.042219742137982696e+07
5.042219741927769035e+07
