1.038638804101246037e+07
1.038638804100761376e+07
1.038638804099444486e+07
1.038638804097308964e+07
1.038638804094343446e+07
1.038638804090529494e+07
1.038638804085915908e+07
1.038638804080463201e+07
1.038638804074176773e+07
1.038638804067045264e+07
1.038638804059112445e+07
1.038638804050336778e+07
1.038638804040754214e+07
1.038638804030315764e+07
1.038638804019035771e+07
1.038638804006965645e+07
1.038638803994020633e+07
1.038638803980282135e+07
1.038638803965728730e+07
1.038638803950312361e+07
1.038638803934089839e+07
1.038638803917011246e+07
1.038638803899134509e+07
1.038638803880419396e+07
1.038638803860858455e+07
1.038638803840482607e+07
1.038638803819300234e+07
1.038638803797233291e+07
1.038638803774385154e+07
1.038638803750686534e+07
