1.658784045630022511e+07
1.658784045629092120e+07
1.658784045626531728e+07
1.658784045622375235e+07
1.658784045616624504e+07
1.658784045609262586e+07
1.658784045600285940e+07
1.658784045589707978e+07
1.658784045577529445e+07
1.658784045563733578e+07
1.658784045548318326e+07
1.658784045531319827e+07
1.658784045512667298e+07
1.658784045492492057e+07
1.658784045470636711e+07
1.658784045447197370e+07
1.658784045422155969e+07
1.658784045395510085e+07
1.658784045367274620e+07
1.658784045337383077e+07
1.658784045305940509e+07
1.658784045272847638e+07
1.658784045238144137e+07
1.658784045201884024e+07
1.658784045163974911e+07
1.658784045124462806e+07
1.658784045083343610e+07
1.658784045040611550e+07
1.658784044996264949e+07
1.658784044950323924e+07
