6.101998492650638334e+06
6.101998492645932361e+06
6.101998492632965557e+06
6.101998492611827329e+06
6.101998492582719773e+06
6.101998492545391433e+06
6.101998492499840446e+06
6.101998492446214892e+06
6.101998492384404875e+06
6.101998492314466275e+06
6.101998492236420512e+06
6.101998492150133476e+06
6.101998492055779323e+06
6.101998491953199729e+06
6.101998491842507385e+06
6.101998491723704152e+06
6.101998491596695036e+06
6.101998491461639293e+06
6.101998491318244487e+06
6.101998491166812368e+06
6.101998491007287055e+06
6.101998490839503706e+06
6.101998490663631819e+06
6.101998490479651839e+06
6.101998490287459455e+06
6.101998490087145008e+06
6.101998489878599532e+06
6.101998489661993459e+06
6.101998489437229931e+06
6.101998489204282872e+06
