1.252865899735780247e+07
1.252865899734753184e+07
1.252865899731960148e+07
1.252865899727372639e+07
1.252865899721026234e+07
1.252865899712965451e+07
1.252865899703079276e+07
1.252865899691460840e+07
1.252865899678040668e+07
1.252865899662899040e+07
1.252865899645945057e+07
1.252865899627256393e+07
1.252865899606769532e+07
1.252865899584527314e+07
1.252865899560529366e+07
1.252865899534790032e+07
1.252865899507248774e+07
1.252865899477962218e+07
1.252865899446881376e+07
1.252865899414025433e+07
1.252865899379437789e+07
1.252865899343109503e+07
1.252865899304946512e+07
1.252865899265043996e+07
1.252865899223387614e+07
1.252865899179920927e+07
1.252865899134729989e+07
1.252865899087761901e+07
1.252865899039012752e+07
1.252865898988522030e+07
