5.861519947217561305e+07
5.861519947212379426e+07
5.861519947198376805e+07
5.861519947175561637e+07
5.861519947143871337e+07
5.861519947103147209e+07
5.861519947053601593e+07
5.861519946995352954e+07
5.861519946928162873e+07
5.861519946851944923e+07
5.861519946766874194e+07
5.861519946673339605e+07
5.861519946570910513e+07
5.861519946459295601e+07
5.861519946338739246e+07
5.861519946209583431e+07
5.861519946071591228e+07
5.861519945924430341e+07
5.861519945768813789e+07
5.861519945604122430e+07
5.861519945430289209e+07
5.861519945248159766e+07
5.861519945056660473e+07
5.861519944856828451e+07
5.861519944647484273e+07
5.861519944430020452e+07
5.861519944203141332e+07
5.861519943967617303e+07
5.861519943723246455e+07
5.861519943470019847e+07
