9.256176026581833139e+06
9.256176026551457122e+06
9.256176026469286531e+06
9.256176026335047558e+06
9.256176026149149984e+06
9.256176025910859928e+06
9.256176025621209294e+06
9.256176025279313326e+06
9.256176024885559455e+06
9.256176024439787492e+06
9.256176023942213506e+06
9.256176023392701522e+06
9.256176022791093215e+06
9.256176022137742490e+06
9.256176021432528272e+06
9.256176020675266162e+06
9.256176019865920767e+06
9.256176019004903734e+06
9.256176018091836944e+06
9.256176017126981169e+06
9.256176016109928489e+06
9.256176015041010454e+06
9.256176013920322061e+06
9.256176012747626752e+06
9.256176011522917077e+06
9.256176010246617720e+06
9.256176008918030187e+06
9.256176007537784055e+06
9.256176006105413660e+06
9.256176004621019587e+06
