3.750742240080464482e+08
3.750742240075561404e+08
3.750742240062192678e+08
3.750742240040190816e+08
3.750742240009731054e+08
3.750742239970831275e+08
3.750742239923434258e+08
3.750742239867798686e+08
3.750742239803344607e+08
3.750742239730586410e+08
3.750742239649380445e+08
3.750742239559419751e+08
3.750742239460790753e+08
3.750742239354063869e+08
3.750742239238669276e+08
3.750742239115057588e+08
3.750742238983151913e+08
3.750742238842454553e+08
3.750742238693202734e+08
3.750742238535248041e+08
3.750742238369109631e+08
3.750742238194603324e+08
3.750742238011597395e+08
3.750742237819837928e+08
3.750742237619905472e+08
3.750742237411213517e+08
3.750742237194271088e+08
3.750742236968442798e+08
3.750742236734220386e+08
3.750742236491231322e+08
