1.309531322948535159e+07
1.309531322947321460e+07
1.309531322944011167e+07
1.309531322938639112e+07
1.309531322931160964e+07
1.309531322921611555e+07
1.309531322909969278e+07
1.309531322896274179e+07
1.309531322880482860e+07
1.309531322862609290e+07
1.309531322842633538e+07
1.309531322820601240e+07
1.309531322796507739e+07
1.309531322770264745e+07
1.309531322741991654e+07
1.309531322711629979e+07
1.309531322679143213e+07
1.309531322644649073e+07
1.309531322608012706e+07
1.309531322569303215e+07
1.309531322528539225e+07
1.309531322485676594e+07
1.309531322440697998e+07
1.309531322393667139e+07
1.309531322344561853e+07
1.309531322293354198e+07
1.309531322240079753e+07
1.309531322184721753e+07
1.309531322127274051e+07
1.309531322067737207e+07
