1.411075148282245398e+08
1.411075148280663788e+08
1.411075148276324272e+08
1.411075148269276023e+08
1.411075148259476125e+08
1.411075148246994019e+08
1.411075148231762946e+08
1.411075148213791549e+08
1.411075148193035722e+08
1.411075148169582784e+08
1.411075148143417537e+08
1.411075148114494681e+08
1.411075148082868755e+08
1.411075148048527837e+08
1.411075148011452258e+08
1.411075147971614897e+08
1.411075147929050624e+08
1.411075147883635163e+08
1.411075147835639715e+08
1.411075147784946561e+08
1.411075147731382549e+08
1.411075147675132453e+08
1.411075147616273165e+08
1.411075147554524243e+08
1.411075147489982545e+08
1.411075147422778308e+08
1.411075147352986634e+08
1.411075147280382812e+08
1.411075147205078602e+08
1.411075147126963735e+08
