4.882644432723248377e+06
4.882644432719061151e+06
4.882644432707637548e+06
4.882644432688950561e+06
4.882644432662997395e+06
4.882644432629920542e+06
4.882644432589516044e+06
4.882644432541924529e+06
4.882644432487114333e+06
4.882644432425015606e+06
4.882644432355733588e+06
4.882644432279231958e+06
4.882644432195446454e+06
4.882644432104422711e+06
4.882644432006288320e+06
4.882644431900830008e+06
4.882644431788196787e+06
4.882644431668220088e+06
4.882644431541091762e+06
4.882644431406683289e+06
4.882644431265076622e+06
4.882644431116240099e+06
4.882644430960209109e+06
4.882644430796941742e+06
4.882644430626434274e+06
4.882644430448651314e+06
4.882644430263618939e+06
4.882644430071461014e+06
4.882644429872047156e+06
4.882644429665283300e+06
