8.455392874335561693e+07
8.455392874331681430e+07
8.455392874321255088e+07
8.455392874304169416e+07
8.455392874280580878e+07
8.455392874250364304e+07
8.455392874213288724e+07
8.455392874169844389e+07
8.455392874119701982e+07
8.455392874062764645e+07
8.455392873999218643e+07
8.455392873929212987e+07
8.455392873852738738e+07
8.455392873769572377e+07
8.455392873679639399e+07
8.455392873583050072e+07
8.455392873480245471e+07
8.455392873370380700e+07
8.455392873254233599e+07
8.455392873131132126e+07
8.455392873001842201e+07
8.455392872865442932e+07
8.455392872722363472e+07
8.455392872572782636e+07
8.455392872417266667e+07
8.455392872254990041e+07
8.455392872085750103e+07
8.455392871909637749e+07
8.455392871727135777e+07
8.455392871538335085e+07
