2.214074972897883058e+08
2.214074972896707058e+08
2.214074972893520892e+08
2.214074972888408899e+08
2.214074972881352007e+08
2.214074972872299552e+08
2.214074972861171365e+08
2.214074972848030329e+08
2.214074972832941115e+08
2.214074972815834582e+08
2.214074972796724141e+08
2.214074972775713503e+08
2.214074972752694786e+08
2.214074972727653384e+08
2.214074972700722814e+08
2.214074972671729922e+08
2.214074972640861571e+08
2.214074972607887089e+08
2.214074972573139668e+08
2.214074972536256611e+08
2.214074972497372627e+08
2.214074972456482053e+08
2.214074972413373590e+08
2.214074972368435860e+08
2.214074972321511805e+08
2.214074972272670269e+08
2.214074972221859097e+08
2.214074972168974280e+08
2.214074972114309072e+08
2.214074972057555318e+08
