1.390096481421385519e+07
1.390096481419894844e+07
1.390096481415789947e+07
1.390096481409120187e+07
1.390096481399822235e+07
1.390096481387961470e+07
1.390096481373459287e+07
1.390096481356441602e+07
1.390096481336770952e+07
1.390096481314557418e+07
1.390096481289744936e+07
1.390096481262332201e+07
1.390096481232332438e+07
1.390096481199744157e+07
1.390096481164537184e+07
1.390096481126801856e+07
1.390096481086404063e+07
1.390096481043443643e+07
1.390096480997908488e+07
1.390096480949763767e+07
1.390096480899055302e+07
1.390096480845728703e+07
1.390096480789831094e+07
1.390096480731332675e+07
1.390096480670256726e+07
1.390096480606563389e+07
1.390096480540307611e+07
1.390096480471436866e+07
1.390096480399980955e+07
1.390096480325959064e+07
