2.711551053828759864e+07
2.711551053826070949e+07
2.711551053818783537e+07
2.711551053806858510e+07
2.711551053790394589e+07
2.711551053769372776e+07
2.711551053743768483e+07
2.711551053713469207e+07
2.711551053678540885e+07
2.711551053639147058e+07
2.711551053595054522e+07
2.711551053546390682e+07
2.711551053493103012e+07
2.711551053435276821e+07
2.711551053372775391e+07
2.711551053305812553e+07
2.711551053234187514e+07
2.711551053157849982e+07
2.711551053076996654e+07
2.711551052991560102e+07
2.711551052901574597e+07
2.711551052806914598e+07
2.711551052707637101e+07
2.711551052603918687e+07
2.711551052495447546e+07
2.711551052382488921e+07
2.711551052264845744e+07
2.711551052142546326e+07
2.711551052015743405e+07
2.711551051884282753e+07
