6.334340170809600502e+07
6.334340170808412880e+07
6.334340170805305243e+07
6.334340170800215751e+07
6.334340170793182403e+07
6.334340170784207433e+07
6.334340170773119479e+07
6.334340170760164410e+07
6.334340170745389909e+07
6.334340170728725195e+07
6.334340170709942281e+07
6.334340170689338446e+07
6.334340170666695386e+07
6.334340170641791075e+07
6.334340170615150779e+07
6.334340170586526394e+07
6.334340170555911958e+07
6.334340170523465425e+07
6.334340170488932729e+07
6.334340170452453941e+07
6.334340170414017141e+07
6.334340170373648405e+07
6.334340170331349224e+07
6.334340170287070423e+07
6.334340170240574330e+07
6.334340170192247629e+07
6.334340170142207295e+07
6.334340170090299845e+07
6.334340170036034286e+07
6.334340169979809225e+07
