2.479832045462785289e+06
2.479832045414068736e+06
2.479832045281792991e+06
2.479832045065928251e+06
2.479832044766540639e+06
2.479832044383563567e+06
2.479832043917061295e+06
2.479832043366954196e+06
2.479832042733340990e+06
2.479832042016131338e+06
2.479832041215391364e+06
2.479832040331058670e+06
2.479832039363184478e+06
2.479832038311729208e+06
2.479832037176756188e+06
2.479832035958192311e+06
2.479832034656071104e+06
2.479832033270384185e+06
2.479832031801154837e+06
2.479832030248361174e+06
2.479832028612026013e+06
2.479832026892095339e+06
2.479832025088625029e+06
2.479832023201598786e+06
2.479832021231022663e+06
2.479832019176873844e+06
2.479832017039182596e+06
2.479832014817893039e+06
2.479832012513076887e+06
2.479832010124702007e+06
