2.210530370895079151e+07
2.210530370890319347e+07
2.210530370877392590e+07
2.210530370856144652e+07
2.210530370826790109e+07
2.210530370789226517e+07
2.210530370743466541e+07
2.210530370689485595e+07
2.210530370627319813e+07
2.210530370556975529e+07
2.210530370478480682e+07
2.210530370391656086e+07
2.210530370296746865e+07
2.210530370193576440e+07
2.210530370082244650e+07
2.210530369962735102e+07
2.210530369834950194e+07
2.210530369699029252e+07
2.210530369554908574e+07
2.210530369402595982e+07
2.210530369242165238e+07
2.210530369073390961e+07
2.210530368896478415e+07
2.210530368711327389e+07
2.210530368518051505e+07
2.210530368316540122e+07
2.210530368106826767e+07
2.210530367888957635e+07
2.210530367662876099e+07
2.210530367428599671e+07
