3.963189362853308022e+07
3.963189362849257886e+07
3.963189362838546932e+07
3.963189362821089476e+07
3.963189362796685845e+07
3.963189362765505910e+07
3.963189362727591395e+07
3.963189362682650238e+07
3.963189362631303072e+07
3.963189362572934479e+07
3.963189362507856637e+07
3.963189362435947359e+07
3.963189362357219309e+07
3.963189362271711975e+07
3.963189362179272622e+07
3.963189362080345303e+07
3.963189361974391341e+07
3.963189361861656606e+07
3.963189361742224544e+07
3.963189361615847796e+07
3.963189361482719332e+07
3.963189361342793703e+07
3.963189361196283251e+07
3.963189361042653024e+07
3.963189360882461071e+07
3.963189360715376586e+07
3.963189360541665554e+07
3.963189360360904783e+07
3.963189360173421353e+07
3.963189359979411215e+07
