1.825753019407116622e+07
1.825753019406737387e+07
1.825753019405698031e+07
1.825753019403986260e+07
1.825753019401677325e+07
1.825753019398698211e+07
1.825753019395064563e+07
1.825753019390749186e+07
1.825753019385787472e+07
1.825753019380176067e+07
1.825753019373913109e+07
1.825753019366989285e+07
1.825753019359428808e+07
1.825753019351243228e+07
1.825753019342372939e+07
1.825753019332829863e+07
1.825753019322631136e+07
1.825753019311819226e+07
1.825753019300315902e+07
1.825753019288191944e+07
1.825753019275389984e+07
1.825753019261967391e+07
1.825753019247877225e+07
1.825753019233100489e+07
1.825753019217670709e+07
1.825753019201634079e+07
1.825753019184915349e+07
1.825753019167566672e+07
1.825753019149553031e+07
1.825753019130898640e+07
