9.430762063266310096e+07
9.430762063252450526e+07
9.430762063214544952e+07
9.430762063153268397e+07
9.430762063068100810e+07
9.430762062958851457e+07
9.430762062826709449e+07
9.430762062670004368e+07
9.430762062489783764e+07
9.430762062285950780e+07
9.430762062057715654e+07
9.430762061806474626e+07
9.430762061531049013e+07
9.430762061232042313e+07
9.430762060909211636e+07
9.430762060562732816e+07
9.430762060192237794e+07
9.430762059797534347e+07
9.430762059379915893e+07
9.430762058938299119e+07
9.430762058473180234e+07
9.430762057983426750e+07
9.430762057470512390e+07
9.430762056933614612e+07
9.430762056373935938e+07
9.430762055788768828e+07
9.430762055180807412e+07
9.430762054548896849e+07
9.430762053892898560e+07
9.430762053214213252e+07
