1.216319734928206168e+07
1.216319734924507700e+07
1.216319734914535843e+07
1.216319734898278490e+07
1.216319734875712544e+07
1.216319734846829996e+07
1.216319734811639600e+07
1.216319734770203941e+07
1.216319734722383320e+07
1.216319734668350220e+07
1.216319734607971273e+07
1.216319734541300498e+07
1.216319734468312562e+07
1.216319734389056824e+07
1.216319734303479642e+07
1.216319734211608954e+07
1.216319734113433957e+07
1.216319734008984827e+07
1.216319733898198046e+07
1.216319733781126700e+07
1.216319733657748438e+07
1.216319733528086543e+07
1.216319733392100781e+07
1.216319733249864914e+07
1.216319733101259544e+07
1.216319732946402580e+07
1.216319732785228640e+07
1.216319732617757283e+07
1.216319732443995588e+07
1.216319732263937779e+07
