1.442258633741563857e+08
1.442258633740831017e+08
1.442258633738854229e+08
1.442258633735607266e+08
1.442258633731088936e+08
1.442258633725367785e+08
1.442258633718318939e+08
1.442258633710067272e+08
1.442258633700588942e+08
1.442258633689843416e+08
1.442258633677842021e+08
1.442258633664533794e+08
1.442258633649954498e+08
1.442258633634164035e+08
1.442258633617102206e+08
1.442258633598838449e+08
1.442258633579319715e+08
1.442258633558491766e+08
1.442258633536383212e+08
1.442258633513086438e+08
1.442258633488555849e+08
1.442258633462676108e+08
1.442258633435638547e+08
1.442258633407222033e+08
1.442258633377620876e+08
1.442258633346809149e+08
1.442258633314652443e+08
1.442258633281290531e+08
1.442258633246689737e+08
1.442258633210931420e+08
