4.231278304479987621e+08
4.231278304477431774e+08
4.231278304470267296e+08
4.231278304458532929e+08
4.231278304442287087e+08
4.231278304421531558e+08
4.231278304396210313e+08
4.231278304366306663e+08
4.231278304331851602e+08
4.231278304292901158e+08
4.231278304249206781e+08
4.231278304201134443e+08
4.231278304148700237e+08
4.231278304091604948e+08
4.231278304029811621e+08
4.231278303964030743e+08
4.231278303893239498e+08
4.231278303817784190e+08
4.231278303738123178e+08
4.231278303654161692e+08
4.231278303565389514e+08
4.231278303472142220e+08
4.231278303374230862e+08
4.231278303271734715e+08
4.231278303164892793e+08
4.231278303053596616e+08
4.231278302937481403e+08
4.231278302817254066e+08
4.231278302692195177e+08
4.231278302562428713e+08
