2.808738085591327548e+08
2.808738085589511395e+08
2.808738085584485531e+08
2.808738085576334000e+08
2.808738085565102100e+08
2.808738085550642610e+08
2.808738085533036590e+08
2.808738085512257218e+08
2.808738085488133430e+08
2.808738085461035967e+08
2.808738085430682302e+08
2.808738085397291780e+08
2.808738085360609293e+08
2.808738085320997238e+08
2.808738085278216004e+08
2.808738085232037902e+08
2.808738085182787180e+08
2.808738085130329728e+08
2.808738085074751973e+08
2.808738085015984178e+08
2.808738084953930974e+08
2.808738084888823628e+08
2.808738084820764065e+08
2.808738084749527574e+08
2.808738084675139189e+08
2.808738084597374797e+08
2.808738084516541362e+08
2.808738084432815313e+08
2.808738084345626831e+08
2.808738084254902601e+08
