7.423139249487535655e+07
7.423139249479307234e+07
7.423139249456839263e+07
7.423139249420426786e+07
7.423139249369636178e+07
7.423139249304723740e+07
7.423139249225516617e+07
7.423139249132546782e+07
7.423139249025544524e+07
7.423139248904016614e+07
7.423139248768272996e+07
7.423139248618592322e+07
7.423139248454378545e+07
7.423139248276230693e+07
7.423139248084202409e+07
7.423139247877921164e+07
7.423139247657141089e+07
7.423139247422295809e+07
7.423139247173641622e+07
7.423139246910980344e+07
7.423139246633344889e+07
7.423139246342046559e+07
7.423139246036797762e+07
7.423139245717169344e+07
7.423139245383496583e+07
7.423139245035654306e+07
7.423139244673509896e+07
7.423139244297561049e+07
7.423139243906766176e+07
7.423139243502686918e+07
