3.994430765102149546e+07
3.994430765097402781e+07
3.994430765084703267e+07
3.994430765063786507e+07
3.994430765034703165e+07
3.994430764997697622e+07
3.994430764952510595e+07
3.994430764899411798e+07
3.994430764837952703e+07
3.994430764768520743e+07
3.994430764691017568e+07
3.994430764605519176e+07
3.994430764511669427e+07
3.994430764409943670e+07
3.994430764300095290e+07
3.994430764182131737e+07
3.994430764055943489e+07
3.994430763921929151e+07
3.994430763779697567e+07
3.994430763629540801e+07
3.994430763470930606e+07
3.994430763304542005e+07
3.994430763130038232e+07
3.994430762947141379e+07
3.994430762756374478e+07
3.994430762557617575e+07
3.994430762350748479e+07
3.994430762135758996e+07
3.994430761912569404e+07
3.994430761681287736e+07
