2.258843096868664920e+08
2.258843096865114868e+08
2.258843096855481863e+08
2.258843096839578450e+08
2.258843096817581654e+08
2.258843096789495349e+08
2.258843096755168438e+08
2.258843096714813411e+08
2.258843096668153107e+08
2.258843096615436077e+08
2.258843096556514502e+08
2.258843096491446197e+08
2.258843096420396268e+08
2.258843096343147755e+08
2.258843096259714365e+08
2.258843096170025468e+08
2.258843096074376702e+08
2.258843095972365141e+08
2.258843095864315331e+08
2.258843095750250220e+08
2.258843095630114973e+08
2.258843095503789783e+08
2.258843095370859802e+08
2.258843095232218802e+08
2.258843095087412298e+08
2.258843094936410785e+08
2.258843094779252708e+08
2.258843094615897238e+08
2.258843094446575940e+08
2.258843094271038771e+08
