1.767156162922232971e+07
1.767156162921553850e+07
1.767156162919712812e+07
1.767156162916681916e+07
1.767156162912438810e+07
1.767156162906999141e+07
1.767156162900451198e+07
1.767156162892671674e+07
1.767156162883726880e+07
1.767156162873548642e+07
1.767156162862271070e+07
1.767156162849822268e+07
1.767156162836133689e+07
1.767156162821261585e+07
1.767156162805246562e+07
1.767156162788055092e+07
1.767156162769675255e+07
1.767156162750103325e+07
1.767156162729333341e+07
1.767156162707440928e+07
1.767156162684352696e+07
1.767156162660039589e+07
1.767156162634562328e+07
1.767156162607949600e+07
1.767156162580148131e+07
1.767156162551101297e+07
1.767156162520927191e+07
1.767156162489551678e+07
1.767156162457033992e+07
1.767156162423307076e+07
