8.913174546142956242e+05
8.913174546133459080e+05
8.913174546107619535e+05
8.913174546065467875e+05
8.913174546006958699e+05
8.913174545932166511e+05
8.913174545841049403e+05
8.913174545733550331e+05
8.913174545609777560e+05
8.913174545469667064e+05
8.913174545313254930e+05
8.913174545140522532e+05
8.913174544951412827e+05
8.913174544746060856e+05
8.913174544524325756e+05
8.913174544286356540e+05
8.913174544031971600e+05
8.913174543761309469e+05
8.913174543474270031e+05
8.913174543171012774e+05
8.913174542851322331e+05
8.913174542515343055e+05
8.913174542163012084e+05
8.913174541794446995e+05
8.913174541409426602e+05
8.913174541008215165e+05
8.913174540590643883e+05
8.913174540156723233e+05
8.913174539706461364e+05
8.913174539239918813e+05
