2.294046176159507781e+07
2.294046176158895344e+07
2.294046176157263666e+07
2.294046176154582575e+07
2.294046176150853559e+07
2.294046176146084070e+07
2.294046176140292361e+07
2.294046176133416593e+07
2.294046176125518978e+07
2.294046176116536185e+07
2.294046176106606051e+07
2.294046176095645502e+07
2.294046176083596796e+07
2.294046176070517302e+07
2.294046176056398079e+07
2.294046176041237637e+07
2.294046176024942100e+07
2.294046176007760316e+07
2.294046175989410281e+07
2.294046175970124081e+07
2.294046175949733704e+07
2.294046175928354263e+07
2.294046175905870646e+07
2.294046175882408768e+07
2.294046175857779011e+07
2.294046175832295418e+07
2.294046175805650279e+07
2.294046175778027624e+07
2.294046175749336183e+07
2.294046175719549134e+07
