1.573336417254743539e+07
1.573336417253457382e+07
1.573336417250013724e+07
1.573336417244420201e+07
1.573336417236651480e+07
1.573336417226702906e+07
1.573336417214584909e+07
1.573336417200326361e+07
1.573336417183875665e+07
1.573336417165247723e+07
1.573336417144472897e+07
1.573336417121485807e+07
1.573336417096392997e+07
1.573336417069125362e+07
1.573336417039609887e+07
1.573336417008007318e+07
1.573336416974207200e+07
1.573336416938221827e+07
1.573336416900084540e+07
1.573336416859772801e+07
1.573336416817296669e+07
1.573336416772636957e+07
1.573336416725847498e+07
1.573336416676800512e+07
1.573336416625695862e+07
1.573336416572335921e+07
1.573336416516856477e+07
1.573336416459197365e+07
1.573336416399363801e+07
1.573336416337377951e+07
