3.883807292658998817e+07
3.883807292653243989e+07
3.883807292637589574e+07
3.883807292612145841e+07
3.883807292577002943e+07
3.883807292531952262e+07
3.883807292476689070e+07
3.883807292411744595e+07
3.883807292337056994e+07
3.883807292252518982e+07
3.883807292157832533e+07
3.883807292053718865e+07
3.883807291939285398e+07
3.883807291815464199e+07
3.883807291681452841e+07
3.883807291537719965e+07
3.883807291384156048e+07
3.883807291220530868e+07
3.883807291047394276e+07
3.883807290864121914e+07
3.883807290670984983e+07
3.883807290468168259e+07
3.883807290255374461e+07
3.883807290032842755e+07
3.883807289800256491e+07
3.883807289557881653e+07
3.883807289305695891e+07
3.883807289043606073e+07
3.883807288771672547e+07
3.883807288489990681e+07
