1.577926473641129769e+07
1.577926473639559001e+07
1.577926473635382205e+07
1.577926473628493212e+07
1.577926473618945479e+07
1.577926473606783338e+07
1.577926473591938242e+07
1.577926473574429005e+07
1.577926473554247990e+07
1.577926473531429842e+07
1.577926473505967483e+07
1.577926473477820493e+07
1.577926473447065055e+07
1.577926473413585871e+07
1.577926473377475515e+07
1.577926473338684067e+07
1.577926473297251202e+07
1.577926473253152333e+07
1.577926473206403479e+07
1.577926473156971298e+07
1.577926473104934394e+07
1.577926473050200194e+07
1.577926472992802039e+07
1.577926472932779789e+07
1.577926472870069370e+07
1.577926472804719396e+07
1.577926472736676596e+07
1.577926472666005604e+07
1.577926472592638619e+07
1.577926472516683489e+07
