1.132862088467774540e+07
1.132862088465015218e+07
1.132862088457530551e+07
1.132862088445302285e+07
1.132862088428336568e+07
1.132862088406679220e+07
1.132862088380270451e+07
1.132862088349118084e+07
1.132862088313249871e+07
1.132862088272643462e+07
1.132862088227334991e+07
1.132862088177259825e+07
1.132862088122481108e+07
1.132862088062969968e+07
1.132862087998701259e+07
1.132862087929710373e+07
1.132862087855996564e+07
1.132862087777560949e+07
1.132862087694388814e+07
1.132862087606484815e+07
1.132862087513839640e+07
1.132862087416479737e+07
1.132862087314395607e+07
1.132862087207585573e+07
1.132862087096028775e+07
1.132862086979715899e+07
1.132862086858712696e+07
1.132862086732950993e+07
1.132862086602480523e+07
1.132862086467278935e+07
