4.760638929831722379e+07
4.760638929824949056e+07
4.760638929806689918e+07
4.760638929776553810e+07
4.760638929734795541e+07
4.760638929681781679e+07
4.760638929616978765e+07
4.760638929540528357e+07
4.760638929452493787e+07
4.760638929352877289e+07
4.760638929241625220e+07
4.760638929118710011e+07
4.760638928984301537e+07
4.760638928838101029e+07
4.760638928680603206e+07
4.760638928511106223e+07
4.760638928330507874e+07
4.760638928137783706e+07
4.760638927933616191e+07
4.760638927717994153e+07
4.760638927490534633e+07
4.760638927251709253e+07
4.760638927001227438e+07
4.760638926738727838e+07
4.760638926465156674e+07
4.760638926179916412e+07
4.760638925882820040e+07
4.760638925574470311e+07
4.760638925254119933e+07
4.760638924922145903e+07
