7.762411061016967893e+07
7.762411061007693410e+07
7.762411060982711613e+07
7.762411060942053795e+07
7.762411060885527730e+07
7.762411060813489556e+07
7.762411060725161433e+07
7.762411060621471703e+07
7.762411060501842201e+07
7.762411060365915298e+07
7.762411060214868188e+07
7.762411060048076510e+07
7.762411059865429997e+07
7.762411059666894376e+07
7.762411059452269971e+07
7.762411059222362936e+07
7.762411058975948393e+07
7.762411058714607358e+07
7.762411058437232673e+07
7.762411058143848181e+07
7.762411057835267484e+07
7.762411057510185242e+07
7.762411057169596851e+07
7.762411056813152134e+07
7.762411056441242993e+07
7.762411056053593755e+07
7.762411055649350584e+07
7.762411055230022967e+07
7.762411054794929922e+07
7.762411054344250262e+07
