1.811505743060861249e+06
1.811505743059850065e+06
1.811505743057154352e+06
1.811505743052712409e+06
1.811505743046560558e+06
1.811505743038690416e+06
1.811505743029117119e+06
1.811505743017804576e+06
1.811505743004802149e+06
1.811505742990074446e+06
1.811505742973636603e+06
1.811505742955472553e+06
1.811505742935590446e+06
1.811505742914004717e+06
1.811505742890695343e+06
1.811505742865676060e+06
1.811505742838945240e+06
1.811505742810486117e+06
1.811505742780312663e+06
1.811505742748419289e+06
1.811505742714817170e+06
1.811505742679499323e+06
1.811505742642460624e+06
1.811505742603717837e+06
1.811505742563245585e+06
1.811505742521072971e+06
1.811505742477153428e+06
1.811505742431551218e+06
1.811505742384217680e+06
1.811505742335160263e+06
