6.519152837630050257e+06
6.519152837628916837e+06
6.519152837625670247e+06
6.519152837620438077e+06
6.519152837613387965e+06
6.519152837604230270e+06
6.519152837592991069e+06
6.519152837579810992e+06
6.519152837564717047e+06
6.519152837547508068e+06
6.519152837528220378e+06
6.519152837507079355e+06
6.519152837483906187e+06
6.519152837458568625e+06
6.519152837431478314e+06
6.519152837402158417e+06
6.519152837371067144e+06
6.519152837337748148e+06
6.519152837302578613e+06
6.519152837265281938e+06
6.519152837226118892e+06
6.519152837184896693e+06
6.519152837141629308e+06
6.519152837096408010e+06
6.519152837049119174e+06
6.519152836999916472e+06
6.519152836948672310e+06
6.519152836895523593e+06
6.519152836839994416e+06
6.519152836782943457e+06
