2.984737190723235905e+07
2.984737190720747411e+07
2.984737190713920817e+07
2.984737190702826530e+07
2.984737190687603876e+07
2.984737190667960048e+07
2.984737190643962845e+07
2.984737190615672618e+07
2.984737190583195165e+07
2.984737190546343476e+07
2.984737190505369380e+07
2.984737190459921211e+07
2.984737190410120413e+07
2.984737190356311202e+07
2.984737190298018977e+07
2.984737190235532820e+07
2.984737190168654919e+07
2.984737190097631142e+07
2.984737190022200719e+07
2.984737189942528680e+07
2.984737189858627319e+07
2.984737189770308137e+07
2.984737189677751437e+07
2.984737189580914751e+07
2.984737189479761943e+07
2.984737189374434948e+07
2.984737189264617488e+07
2.984737189150675386e+07
2.984737189032343775e+07
2.984737188909833506e+07
