1.803157748229920864e+06
1.803157748227791628e+06
1.803157748222019989e+06
1.803157748212583130e+06
1.803157748199514346e+06
1.803157748182786861e+06
1.803157748162409058e+06
1.803157748138387688e+06
1.803157748110711342e+06
1.803157748079410987e+06
1.803157748044417473e+06
1.803157748005809961e+06
1.803157747963532805e+06
1.803157747917617438e+06
1.803157747868039180e+06
1.803157747814839007e+06
1.803157747757977108e+06
1.803157747697456274e+06
1.803157747633304913e+06
1.803157747565475525e+06
1.803157747494020732e+06
1.803157747418915387e+06
1.803157747340164846e+06
1.803157747257743962e+06
1.803157747171685565e+06
1.803157747081984067e+06
1.803157746988603380e+06
1.803157746891622199e+06
1.803157746790972073e+06
1.803157746686665807e+06
