3.824544285878879949e+06
3.824544285878165159e+06
3.824544285876174923e+06
3.824544285873014480e+06
3.824544285868535284e+06
3.824544285862809978e+06
3.824544285855823662e+06
3.824544285847580060e+06
3.824544285838144831e+06
3.824544285827443935e+06
3.824544285815431271e+06
3.824544285802277736e+06
3.824544285787803121e+06
3.824544285772080999e+06
3.824544285755130928e+06
3.824544285736951046e+06
3.824544285717446357e+06
3.824544285696744919e+06
3.824544285674803425e+06
3.824544285651583225e+06
3.824544285627176519e+06
3.824544285601510666e+06
3.824544285574549343e+06
3.824544285546345636e+06
3.824544285516894422e+06
3.824544285486219451e+06
3.824544285454269964e+06
3.824544285421107896e+06
3.824544285386689939e+06
3.824544285350978374e+06
