5.086323810367710888e+07
5.086323810363470763e+07
5.086323810351943970e+07
5.086323810333035886e+07
5.086323810306999087e+07
5.086323810273466259e+07
5.086323810232700408e+07
5.086323810184691846e+07
5.086323810129522532e+07
5.086323810066921264e+07
5.086323809996733814e+07
5.086323809919462353e+07
5.086323809835068136e+07
5.086323809743138403e+07
5.086323809644186497e+07
5.086323809537870437e+07
5.086323809423974901e+07
5.086323809302810580e+07
5.086323809174794704e+07
5.086323809039026499e+07
5.086323808896181732e+07
5.086323808746059239e+07
5.086323808588387817e+07
5.086323808423767239e+07
5.086323808251552284e+07
5.086323808072327077e+07
5.086323807885602117e+07
5.086323807691648602e+07
5.086323807490210980e+07
5.086323807281726599e+07
