3.483212948393384460e+06
3.483212948356886394e+06
3.483212948257692158e+06
3.483212948095848784e+06
3.483212947871407028e+06
3.483212947584323585e+06
3.483212947234568652e+06
3.483212946822186001e+06
3.483212946347142570e+06
3.483212945809505880e+06
3.483212945209155325e+06
3.483212944546187762e+06
3.483212943820592947e+06
3.483212943032323383e+06
3.483212942181429826e+06
3.483212941267885733e+06
3.483212940291707404e+06
3.483212939252844546e+06
3.483212938151377719e+06
3.483212936987300403e+06
3.483212935760513414e+06
3.483212934471128043e+06
3.483212933119073976e+06
3.483212931704347488e+06
3.483212930227035657e+06
3.483212928687040694e+06
3.483212927084455267e+06
3.483212925419153180e+06
3.483212923691282514e+06
3.483212921900706831e+06
