1.018438738488162309e+07
1.018438738481355645e+07
1.018438738462797739e+07
1.018438738432536460e+07
1.018438738390585780e+07
1.018438738336871192e+07
1.018438738271502219e+07
1.018438738194384985e+07
1.018438738105562702e+07
1.018438738005001470e+07
1.018438737892780267e+07
1.018438737768801488e+07
1.018438737633141875e+07
1.018438737485738471e+07
1.018438737326642312e+07
1.018438737155808881e+07
1.018438736973279901e+07
1.018438736779055558e+07
1.018438736573083885e+07
1.018438736355405673e+07
1.018438736126006022e+07
1.018438735884923488e+07
1.018438735632103868e+07
1.018438735367594101e+07
1.018438735091346130e+07
1.018438734803384170e+07
1.018438734503738955e+07
1.018438734192340262e+07
1.018438733869267441e+07
1.018438733534447849e+07
