6.403651063836283982e+06
6.403651063810959458e+06
6.403651063742315397e+06
6.403651063630172983e+06
6.403651063474773429e+06
6.403651063275972381e+06
6.403651063033933751e+06
6.403651062748401426e+06
6.403651062419434078e+06
6.403651062047189102e+06
6.403651061631585471e+06
6.403651061172491871e+06
6.403651060670117848e+06
6.403651060124373063e+06
6.403651059535215609e+06
6.403651058902733959e+06
6.403651058226912282e+06
6.403651057507588528e+06
6.403651056744974107e+06
6.403651055938856676e+06
6.403651055089571513e+06
6.403651054196869954e+06
6.403651053260765038e+06
6.403651052281211130e+06
6.403651051258428022e+06
6.403651050192118622e+06
6.403651049082514830e+06
6.403651047929529101e+06
6.403651046733147465e+06
6.403651045493399724e+06
