1.179255448653559387e+08
1.179255448652370125e+08
1.179255448649186790e+08
1.179255448643965572e+08
1.179255448636712581e+08
1.179255448627441227e+08
1.179255448616129458e+08
1.179255448602806628e+08
1.179255448587427884e+08
1.179255448570051044e+08
1.179255448550690264e+08
1.179255448529253453e+08
1.179255448505764455e+08
1.179255448480294198e+08
1.179255448452779204e+08
1.179255448423261195e+08
1.179255448391671479e+08
1.179255448358111084e+08
1.179255448322506994e+08
1.179255448284855634e+08
1.179255448245187700e+08
1.179255448203572929e+08
1.179255448159873337e+08
1.179255448114103675e+08
1.179255448066283911e+08
1.179255448016556948e+08
1.179255447964775860e+08
1.179255447910916507e+08
1.179255447855039388e+08
1.179255447797182351e+08
