1.519292009140049517e+08
1.519292009137565494e+08
1.519292009130891860e+08
1.519292009119874537e+08
1.519292009104632437e+08
1.519292009085215330e+08
1.519292009061555266e+08
1.519292009033574462e+08
1.519292009001337588e+08
1.519292008964897990e+08
1.519292008924239278e+08
1.519292008879380226e+08
1.519292008830186129e+08
1.519292008776786923e+08
1.519292008719053864e+08
1.519292008657219410e+08
1.519292008591076732e+08
1.519292008520685732e+08
1.519292008446128070e+08
1.519292008367052972e+08
1.519292008283978701e+08
1.519292008196660280e+08
1.519292008105087280e+08
1.519292008009178638e+08
1.519292007909037173e+08
1.519292007804677486e+08
1.519292007696155012e+08
1.519292007583312094e+08
1.519292007466111481e+08
1.519292007344936728e+08
