1.140396361428045109e+07
1.140396361425891891e+07
1.140396361420003325e+07
1.140396361410455219e+07
1.140396361397179030e+07
1.140396361380232684e+07
1.140396361359541491e+07
1.140396361335197836e+07
1.140396361307120323e+07
1.140396361275346950e+07
1.140396361239856854e+07
1.140396361200682260e+07
1.140396361157799698e+07
1.140396361111231893e+07
1.140396361060938053e+07
1.140396361006962508e+07
1.140396360949279927e+07
1.140396360887890123e+07
1.140396360822794586e+07
1.140396360753982142e+07
1.140396360681494512e+07
1.140396360605324619e+07
1.140396360525416024e+07
1.140396360441798531e+07
1.140396360354501568e+07
1.140396360263506137e+07
1.140396360168812796e+07
1.140396360070380382e+07
1.140396359968298115e+07
1.140396359862461127e+07
