4.655251532104853541e+07
4.655251532103011757e+07
4.655251532097824663e+07
4.655251532089561969e+07
4.655251532078355551e+07
4.655251532063768804e+07
4.655251532046031952e+07
4.655251532025033981e+07
4.655251532000964880e+07
4.655251531973737478e+07
4.655251531943268329e+07
4.655251531909540296e+07
4.655251531872633100e+07
4.655251531832648814e+07
4.655251531789503992e+07
4.655251531743036211e+07
4.655251531693365425e+07
4.655251531640710682e+07
4.655251531584780663e+07
4.655251531525851786e+07
4.655251531463385373e+07
4.655251531397936493e+07
4.655251531329265237e+07
4.655251531257511675e+07
4.655251531182233989e+07
4.655251531104096770e+07
4.655251531022879481e+07
4.655251530938351154e+07
4.655251530850429833e+07
4.655251530759494752e+07
