4.959163797092245892e+06
4.959163797084984370e+06
4.959163797065395862e+06
4.959163797033498995e+06
4.959163796989163384e+06
4.959163796932534315e+06
4.959163796863496304e+06
4.959163796782026999e+06
4.959163796688269824e+06
4.959163796582180075e+06
4.959163796463549137e+06
4.959163796332748607e+06
4.959163796189518645e+06
4.959163796033873223e+06
4.959163795865966007e+06
4.959163795685533434e+06
4.959163795492907055e+06
4.959163795287759043e+06
4.959163795070299879e+06
4.959163794840452261e+06
4.959163794598293491e+06
4.959163794343805872e+06
4.959163794076862745e+06
4.959163793797565624e+06
4.959163793505906127e+06
4.959163793201888911e+06
4.959163792885503732e+06
4.959163792556839995e+06
4.959163792215595953e+06
4.959163791862135753e+06
