5.189563928691212833e+07
5.189563928685827553e+07
5.189563928671114892e+07
5.189563928647438437e+07
5.189563928614462912e+07
5.189563928571926057e+07
5.189563928520553559e+07
5.189563928459953517e+07
5.189563928390164673e+07
5.189563928310850263e+07
5.189563928222474456e+07
5.189563928124967963e+07
5.189563928018212318e+07
5.189563927902394533e+07
5.189563927777117491e+07
5.189563927642530203e+07
5.189563927498993278e+07
5.189563927346100658e+07
5.189563927183925360e+07
5.189563927012786269e+07
5.189563926832013577e+07
5.189563926642423868e+07
5.189563926443548501e+07
5.189563926235296577e+07
5.189563926018100232e+07
5.189563925791499019e+07
5.189563925555691868e+07
5.189563925310458243e+07
5.189563925056301802e+07
5.189563924792873114e+07
