7.557228873222243786e+07
7.557228873212525249e+07
7.557228873185797036e+07
7.557228873142100871e+07
7.557228873081849515e+07
7.557228873004971445e+07
7.557228872910821438e+07
7.557228872799444199e+07
7.557228872671265900e+07
7.557228872526486218e+07
7.557228872364543378e+07
7.557228872186243534e+07
7.557228871990895271e+07
7.557228871778029203e+07
7.557228871548849344e+07
7.557228871302938461e+07
7.557228871040017903e+07
7.557228870759691298e+07
7.557228870462700725e+07
7.557228870149253309e+07
7.557228869818896055e+07
7.557228869471843541e+07
7.557228869107119739e+07
7.557228868725956976e+07
7.557228868328064680e+07
7.557228867913471162e+07
7.557228867480967939e+07
7.557228867032705247e+07
7.557228866566599905e+07
7.557228866084659100e+07
