8.277496659415502846e+07
8.277496659403699636e+07
8.277496659371826053e+07
8.277496659320242703e+07
8.277496659248770773e+07
8.277496659157267213e+07
8.277496659046116471e+07
8.277496658914476633e+07
8.277496658763127029e+07
8.277496658590988815e+07
8.277496658399620652e+07
8.277496658188551664e+07
8.277496657956488431e+07
8.277496657705025375e+07
8.277496657434277236e+07
8.277496657142972946e+07
8.277496656831297278e+07
8.277496656499865651e+07
8.277496656148761511e+07
8.277496655777555704e+07
8.277496655385901034e+07
8.277496654975080490e+07
8.277496654543524981e+07
8.277496654092282057e+07
8.277496653621686995e+07
8.277496653129656613e+07
8.277496652618953586e+07
8.277496652087843418e+07
8.277496651536698639e+07
8.277496650966279209e+07
