1.635072659557378478e+07
1.635072659555390663e+07
1.635072659550037235e+07
1.635072659541288018e+07
1.635072659529129043e+07
1.635072659513583221e+07
1.635072659494640492e+07
1.635072659472352266e+07
1.635072659446626157e+07
1.635072659417515621e+07
1.635072659385093302e+07
1.635072659349189140e+07
1.635072659309909120e+07
1.635072659267265908e+07
1.635072659221203625e+07
1.635072659171755426e+07
1.635072659118927829e+07
1.635072659062759951e+07
1.635072659003109671e+07
1.635072658940098621e+07
1.635072658873715624e+07
1.635072658803927898e+07
1.635072658730775490e+07
1.635072658654198237e+07
1.635072658574285731e+07
1.635072658490950242e+07
1.635072658404190466e+07
1.635072658314057067e+07
1.635072658220572211e+07
1.635072658123691566e+07
