1.133700083156864345e+08
1.133700083154079914e+08
1.133700083146407157e+08
1.133700083133869767e+08
1.133700083116463423e+08
1.133700083094314635e+08
1.133700083067206591e+08
1.133700083035268486e+08
1.133700082998563945e+08
1.133700082956925333e+08
1.133700082910540253e+08
1.133700082859248966e+08
1.133700082803111672e+08
1.133700082742094845e+08
1.133700082676347494e+08
1.133700082605642676e+08
1.133700082530088574e+08
1.133700082449743897e+08
1.133700082364547402e+08
1.133700082274398208e+08
1.133700082179555744e+08
1.133700082079737782e+08
1.133700081975225955e+08
1.133700081865780503e+08
1.133700081751470566e+08
1.133700081632385850e+08
1.133700081508359015e+08
1.133700081379515082e+08
1.133700081245830804e+08
1.133700081107311398e+08
