5.985394100524338894e+06
5.985394100485656410e+06
5.985394100380772725e+06
5.985394100209967233e+06
5.985394099972688593e+06
5.985394099669365212e+06
5.985394099299687892e+06
5.985394098864053376e+06
5.985394098362025805e+06
5.985394097793793306e+06
5.985394097159542143e+06
5.985394096459007822e+06
5.985394095692253672e+06
5.985394094859353267e+06
5.985394093960227445e+06
5.985394092994883657e+06
5.985394091963375919e+06
5.985394090865692124e+06
5.985394089701774530e+06
5.985394088471646421e+06
5.985394087175379507e+06
5.985394085812776349e+06
5.985394084384223446e+06
5.985394082889350131e+06
5.985394081328184344e+06
5.985394079700922593e+06
5.985394078007560223e+06
5.985394076247864403e+06
5.985394074421990663e+06
5.985394072529967874e+06
