1.088786239052708149e+08
1.088786239052091539e+08
1.088786239050387889e+08
1.088786239047599733e+08
1.088786239043813050e+08
1.088786239038916230e+08
1.088786239032953531e+08
1.088786239025963545e+08
1.088786239017932862e+08
1.088786239008762836e+08
1.088786238998520672e+08
1.088786238987247348e+08
1.088786238974865377e+08
1.088786238961444795e+08
1.088786238946937174e+08
1.088786238931363970e+08
1.088786238914770037e+08
1.088786238897003382e+08
1.088786238878279030e+08
1.088786238858436346e+08
1.088786238837501556e+08
1.088786238815530092e+08
1.088786238792530745e+08
1.088786238768400401e+08
1.088786238743245751e+08
1.088786238717073202e+08
1.088786238689684868e+08
1.088786238661304563e+08
1.088786238631882370e+08
1.088786238601408303e+08
