8.418104447073602676e+07
8.418104447063663602e+07
8.418104447036527097e+07
8.418104446992327273e+07
8.418104446931052208e+07
8.418104446852941811e+07
8.418104446757775545e+07
8.418104446645471454e+07
8.418104446516138315e+07
8.418104446369561553e+07
8.418104446206161380e+07
8.418104446024873853e+07
8.418104445827217400e+07
8.418104445612220466e+07
8.418104445380678773e+07
8.418104445131456852e+07
8.418104444864797592e+07
8.418104444582222402e+07
8.418104444282110035e+07
8.418104443964312971e+07
8.418104443630020320e+07
8.418104443278343976e+07
8.418104442909590900e+07
8.418104442524261773e+07
8.418104442121346295e+07
8.418104441701583564e+07
8.418104441264876723e+07
8.418104440810675919e+07
8.418104440339544415e+07
8.418104439851424098e+07
