8.817666354509638250e+07
8.817666354496115446e+07
8.817666354459139705e+07
8.817666354398426414e+07
8.817666354314699769e+07
8.817666354206688702e+07
8.817666354076166451e+07
8.817666353922152519e+07
8.817666353745119274e+07
8.817666353543394804e+07
8.817666353318807483e+07
8.817666353071008623e+07
8.817666352800312638e+07
8.817666352505619824e+07
8.817666352187952399e+07
8.817666351845721900e+07
8.817666351480700076e+07
8.817666351092986763e+07
8.817666350681336224e+07
8.817666350246165693e+07
8.817666349787196517e+07
8.817666349305266142e+07
8.817666348800218105e+07
8.817666348271313310e+07
8.817666347719164193e+07
8.817666347143284976e+07
8.817666346544715762e+07
8.817666345921750367e+07
8.817666345276211202e+07
8.817666344606727362e+07
