1.219409921328993980e+06
1.219409921327820746e+06
1.219409921324643306e+06
1.219409921319452813e+06
1.219409921312260209e+06
1.219409921303057810e+06
1.219409921291847248e+06
1.219409921278626192e+06
1.219409921263392083e+06
1.219409921246155864e+06
1.219409921226907754e+06
1.219409921205667313e+06
1.219409921182392631e+06
1.219409921157126548e+06
1.219409921129848808e+06
1.219409921100561274e+06
1.219409921069270698e+06
1.219409921035966370e+06
1.219409921000650385e+06
1.219409920963339042e+06
1.219409920924008125e+06
1.219409920882680453e+06
1.219409920839339029e+06
1.219409920793981990e+06
1.219409920746629126e+06
1.219409920697253197e+06
1.219409920645884471e+06
1.219409920592491282e+06
1.219409920537100872e+06
1.219409920479704160e+06
