1.663937001845123991e+07
1.663937001842939854e+07
1.663937001837082393e+07
1.663937001827520132e+07
1.663937001814319380e+07
1.663937001797416620e+07
1.663937001776731759e+07
1.663937001752408966e+07
1.663937001724400558e+07
1.663937001692723110e+07
1.663937001657305472e+07
1.663937001618213765e+07
1.663937001575417817e+07
1.663937001528940722e+07
1.663937001478743739e+07
1.663937001424896158e+07
1.663937001367305964e+07
1.663937001306101494e+07
1.663937001241094060e+07
1.663937001172480732e+07
1.663937001100123860e+07
1.663937001024119928e+07
1.663937000944312289e+07
1.663937000860913284e+07
1.663937000773849525e+07
1.663937000682993978e+07
1.663937000588483177e+07
1.663937000490308553e+07
1.663937000388424285e+07
1.663937000282816403e+07
