8.631772141421081126e+07
8.631772141411173344e+07
8.631772141384355724e+07
8.631772141340714693e+07
8.631772141279731691e+07
8.631772141202077270e+07
8.631772141106860340e+07
8.631772140994639695e+07
8.631772140865635872e+07
8.631772140719904006e+07
8.631772140557004511e+07
8.631772140377739072e+07
8.631772140180435777e+07
8.631772139966197312e+07
8.631772139735282958e+07
8.631772139486952126e+07
8.631772139222620428e+07
8.631772138940232992e+07
8.631772138641436398e+07
8.631772138325649500e+07
8.631772137992657721e+07
8.631772137642739713e+07
8.631772137275288999e+07
8.631772136891739070e+07
8.631772136491230130e+07
8.631772136072385311e+07
8.631772135637801886e+07
8.631772135186055303e+07
8.631772134716989100e+07
8.631772134230999649e+07
