2.494233708668182492e+08
2.494233708667573929e+08
2.494233708665909469e+08
2.494233708663174510e+08
2.494233708659436703e+08
2.494233708654570878e+08
2.494233708648638427e+08
2.494233708641721606e+08
2.494233708633694947e+08
2.494233708624642789e+08
2.494233708614528179e+08
2.494233708603300154e+08
2.494233708591104746e+08
2.494233708577814102e+08
2.494233708563483655e+08
2.494233708548100889e+08
2.494233708531659544e+08
2.494233708514218926e+08
2.494233708495637178e+08
2.494233708476018608e+08
2.494233708455511332e+08
2.494233708433792591e+08
2.494233708410873711e+08
2.494233708387001753e+08
2.494233708362203240e+08
2.494233708336331248e+08
2.494233708309306800e+08
2.494233708281347156e+08
2.494233708252250254e+08
2.494233708222163916e+08
