3.872753944251549430e+06
3.872753944240813609e+06
3.872753944211702794e+06
3.872753944164189976e+06
3.872753944098294713e+06
3.872753944013989996e+06
3.872753943911327515e+06
3.872753943790192250e+06
3.872753943650745787e+06
3.872753943492892664e+06
3.872753943316631485e+06
3.872753943121931981e+06
3.872753942908945493e+06
3.872753942677469924e+06
3.872753942427619826e+06
3.872753942159404512e+06
3.872753941872755531e+06
3.872753941567767877e+06
3.872753941244364716e+06
3.872753940902579110e+06
3.872753940542364027e+06
3.872753940163777675e+06
3.872753939766804688e+06
3.872753939351401292e+06
3.872753938917655498e+06
3.872753938465492334e+06
3.872753937994937878e+06
3.872753937505995855e+06
3.872753936998677440e+06
3.872753936472920235e+06
