5.792056590357337147e+06
5.792056590336872265e+06
5.792056590281584300e+06
5.792056590191375464e+06
5.792056590066093020e+06
5.792056589906040579e+06
5.792056589710919186e+06
5.792056589480846189e+06
5.792056589215893298e+06
5.792056588915969245e+06
5.792056588581125252e+06
5.792056588211366907e+06
5.792056587806545198e+06
5.792056587366872467e+06
5.792056586892222986e+06
5.792056586382655427e+06
5.792056585838135332e+06
5.792056585258695297e+06
5.792056584644228220e+06
5.792056583994857036e+06
5.792056583310605027e+06
5.792056582591397688e+06
5.792056581837206148e+06
5.792056581047981977e+06
5.792056580223987810e+06
5.792056579364982434e+06
5.792056578471001238e+06
5.792056577542141080e+06
5.792056576578280888e+06
5.792056575579577126e+06
