4.661326827712074667e+07
4.661326827696244419e+07
4.661326827653419971e+07
4.661326827583404630e+07
4.661326827486082166e+07
4.661326827361726761e+07
4.661326827210418880e+07
4.661326827031801641e+07
4.661326826826057583e+07
4.661326826593210548e+07
4.661326826333175600e+07
4.661326826045984775e+07
4.661326825731799752e+07
4.661326825390572846e+07
4.661326825021950901e+07
4.661326824626396596e+07
4.661326824203455448e+07
4.661326823753558844e+07
4.661326823276630044e+07
4.661326822772581130e+07
4.661326822241242230e+07
4.661326821682812274e+07
4.661326821097195148e+07
4.661326820484507829e+07
4.661326819844892621e+07
4.661326819177781790e+07
4.661326818483708799e+07
4.661326817762498558e+07
4.661326817014352977e+07
4.661326816238989681e+07
