8.222232915134196170e+06
8.222232915124102496e+06
8.222232915096953511e+06
8.222232915052540600e+06
8.222232914990804158e+06
8.222232914912099950e+06
8.222232914816129021e+06
8.222232914702844806e+06
8.222232914572382346e+06
8.222232914424686693e+06
8.222232914260140620e+06
8.222232914078057744e+06
8.222232913878752850e+06
8.222232913662220351e+06
8.222232913428682834e+06
8.222232913177819923e+06
8.222232912909779698e+06
8.222232912624608725e+06
8.222232912322274409e+06
8.222232912002542987e+06
8.222232911665676162e+06
8.222232911311829463e+06
8.222232910940537229e+06
8.222232910552117042e+06
8.222232910146442242e+06
8.222232909723631106e+06
8.222232909283605404e+06
8.222232908826459199e+06
8.222232908352138475e+06
8.222232907860348001e+06
