6.928938531822666526e+06
6.928938531813941896e+06
6.928938531790250912e+06
6.928938531751768664e+06
6.928938531698425300e+06
6.928938531630077399e+06
6.928938531546950340e+06
6.928938531448714435e+06
6.928938531335720792e+06
6.928938531207791530e+06
6.928938531064907089e+06
6.928938530907254666e+06
6.928938530734553933e+06
6.928938530546959490e+06
6.928938530344521627e+06
6.928938530127157457e+06
6.928938529894837178e+06
6.928938529647749849e+06
6.928938529385703616e+06
6.928938529108638875e+06
6.928938528816756792e+06
6.928938528509950265e+06
6.928938528188234195e+06
6.928938527851619758e+06
6.928938527500105090e+06
6.928938527133677155e+06
6.928938526752353646e+06
6.928938526356137358e+06
6.928938525945091620e+06
6.928938525518959388e+06
