1.789370640895549208e+07
1.789370640893794596e+07
1.789370640889007971e+07
1.789370640881252661e+07
1.789370640870476514e+07
1.789370640856724977e+07
1.789370640839984640e+07
1.789370640820222348e+07
1.789370640797443688e+07
1.789370640771678463e+07
1.789370640742958337e+07
1.789370640711134300e+07
1.789370640676400065e+07
1.789370640638625994e+07
1.789370640597838163e+07
1.789370640554056689e+07
1.789370640507326648e+07
1.789370640457548201e+07
1.789370640404742584e+07
1.789370640348957852e+07
1.789370640290226042e+07
1.789370640228381380e+07
1.789370640163644031e+07
1.789370640095818415e+07
1.789370640025033057e+07
1.789370639951222017e+07
1.789370639874428138e+07
1.789370639794660732e+07
1.789370639711876959e+07
1.789370639626092091e+07
