2.304624130699590966e+07
2.304624130697566643e+07
2.304624130692097172e+07
2.304624130683032051e+07
2.304624130670613050e+07
2.304624130654665828e+07
2.304624130635174364e+07
2.304624130612146482e+07
2.304624130585767701e+07
2.304624130555897579e+07
2.304624130522497743e+07
2.304624130485631153e+07
2.304624130445282906e+07
2.304624130401401222e+07
2.304624130354237556e+07
2.304624130303273350e+07
2.304624130249016732e+07
2.304624130191297457e+07
2.304624130129945651e+07
2.304624130065225065e+07
2.304624129997036979e+07
2.304624129925312847e+07
2.304624129850150645e+07
2.304624129771496356e+07
2.304624129689316452e+07
2.304624129603672773e+07
2.304624129514488205e+07
2.304624129421908408e+07
2.304624129325819761e+07
2.304624129226187244e+07
