1.280238179973359779e+07
1.280238179971222207e+07
1.280238179965421744e+07
1.280238179955859296e+07
1.280238179942620732e+07
1.280238179925699346e+07
1.280238179905077815e+07
1.280238179880758189e+07
1.280238179852762073e+07
1.280238179821062833e+07
1.280238179785691574e+07
1.280238179746599495e+07
1.280238179703814723e+07
1.280238179657353088e+07
1.280238179607187584e+07
1.280238179553333111e+07
1.280238179495783150e+07
1.280238179434555955e+07
1.280238179369627684e+07
1.280238179300988652e+07
1.280238179228669032e+07
1.280238179152643867e+07
1.280238179072949290e+07
1.280238178989550099e+07
1.280238178902472183e+07
1.280238178811690211e+07
1.280238178717192262e+07
1.280238178619010374e+07
1.280238178517158516e+07
1.280238178411586396e+07
