1.581225565196245313e+08
1.581225565193727911e+08
1.581225565186909437e+08
1.581225565175796449e+08
1.581225565160388649e+08
1.581225565140598714e+08
1.581225565116490722e+08
1.581225565088103414e+08
1.581225565055558681e+08
1.581225565018668473e+08
1.581225564977300465e+08
1.581225564931760430e+08
1.581225564881910086e+08
1.581225564827674627e+08
1.581225564769175649e+08
1.581225564706344604e+08
1.581225564639311135e+08
1.581225564567888379e+08
1.581225564492301345e+08
1.581225564412210882e+08
1.581225564327798784e+08
1.581225564239092767e+08
1.581225564146173596e+08
1.581225564048997760e+08
1.581225563947575092e+08
1.581225563841474056e+08
1.581225563731374741e+08
1.581225563616877198e+08
1.581225563498161137e+08
1.581225563375048041e+08
