1.129897987876617908e+07
1.129897987874882109e+07
1.129897987870110199e+07
1.129897987862370163e+07
1.129897987851601839e+07
1.129897987837850116e+07
1.129897987821107917e+07
1.129897987801326439e+07
1.129897987778581306e+07
1.129897987752798386e+07
1.129897987724038400e+07
1.129897987692238763e+07
1.129897987657502294e+07
1.129897987619732507e+07
1.129897987578955293e+07
1.129897987535162456e+07
1.129897987488394789e+07
1.129897987438592687e+07
1.129897987385819294e+07
1.129897987330042012e+07
1.129897987271263078e+07
1.129897987209480256e+07
1.129897987144686095e+07
1.129897987076897547e+07
1.129897987006096169e+07
1.129897986932311021e+07
1.129897986855512112e+07
1.129897986775709502e+07
1.129897986692912318e+07
1.129897986607098207e+07
