3.132747250667280052e+06
3.132747250665311236e+06
3.132747250660006888e+06
3.132747250651312526e+06
3.132747250639258418e+06
3.132747250623872038e+06
3.132747250605100766e+06
3.132747250582973473e+06
3.132747250557442196e+06
3.132747250528597739e+06
3.132747250496371184e+06
3.132747250460794661e+06
3.132747250421801116e+06
3.132747250379531644e+06
3.132747250333800446e+06
3.132747250284785870e+06
3.132747250232429244e+06
3.132747250176653266e+06
3.132747250117522664e+06
3.132747250055029988e+06
3.132747249989164993e+06
3.132747249919978436e+06
3.132747249847410712e+06
3.132747249771439936e+06
3.132747249692206271e+06
3.132747249609479681e+06
3.132747249523466919e+06
3.132747249434076250e+06
3.132747249341337010e+06
3.132747249245223124e+06
