1.812753340967053175e+07
1.812753340961666033e+07
1.812753340947227925e+07
1.812753340923552588e+07
1.812753340890752524e+07
1.812753340848784149e+07
1.812753340797753260e+07
1.812753340737522021e+07
1.812753340668113530e+07
1.812753340589608252e+07
1.812753340501908585e+07
1.812753340405061096e+07
1.812753340299098939e+07
1.812753340183931589e+07
1.812753340059657767e+07
1.812753339926238358e+07
1.812753339783642441e+07
1.812753339631889388e+07
1.812753339471028373e+07
1.812753339300956950e+07
1.812753339121802151e+07
1.812753338933415338e+07
1.812753338735970482e+07
1.812753338529282436e+07
1.812753338313537836e+07
1.812753338088565320e+07
1.812753337854466960e+07
1.812753337611238658e+07
1.812753337358826399e+07
1.812753337097328529e+07
