5.721389485095056705e+06
5.721389485060004517e+06
5.721389484964741394e+06
5.721389484809226356e+06
5.721389484593577683e+06
5.721389484317691065e+06
5.721389483981764875e+06
5.721389483585485257e+06
5.721389483129098080e+06
5.721389482612534426e+06
5.721389482035874389e+06
5.721389481398784555e+06
5.721389480701652355e+06
5.721389479944359511e+06
5.721389479126797058e+06
5.721389478249107487e+06
5.721389477311170660e+06
5.721389476313206367e+06
5.721389475255016237e+06
5.721389474136490375e+06
5.721389472957846709e+06
5.721389471719030291e+06
5.721389470420034602e+06
5.721389469060824253e+06
5.721389467641425319e+06
5.721389466161879711e+06
5.721389464622175321e+06
5.721389463022236712e+06
5.721389461362163536e+06
5.721389459641859867e+06
