2.959479753170083091e+07
2.959479753167577833e+07
2.959479753160740808e+07
2.959479753149672970e+07
2.959479753134291619e+07
2.959479753114551678e+07
2.959479753090576082e+07
2.959479753062155843e+07
2.959479753029531613e+07
2.959479752992691472e+07
2.959479752951553091e+07
2.959479752905912697e+07
2.959479752856215462e+07
2.959479752802133933e+07
2.959479752743698657e+07
2.959479752681006864e+07
2.959479752614006400e+07
2.959479752542638779e+07
2.959479752467114851e+07
2.959479752387169749e+07
2.959479752302994207e+07
2.959479752214556187e+07
2.959479752121682838e+07
2.959479752024723589e+07
2.959479751923308894e+07
2.959479751817552745e+07
2.959479751707464829e+07
2.959479751593290642e+07
2.959479751474615559e+07
2.959479751351673529e+07
