1.791731180421757698e+07
1.791731180418734252e+07
1.791731180410442874e+07
1.791731180396955833e+07
1.791731180378227308e+07
1.791731180354347080e+07
1.791731180325185508e+07
1.791731180290799215e+07
1.791731180251239613e+07
1.791731180206460133e+07
1.791731180156404153e+07
1.791731180101186410e+07
1.791731180040696263e+07
1.791731179975012317e+07
1.791731179904135689e+07
1.791731179827982187e+07
1.791731179746636748e+07
1.791731179660045356e+07
1.791731179568297416e+07
1.791731179471253976e+07
1.791731179369032010e+07
1.791731179261604697e+07
1.791731179148875549e+07
1.791731179031037912e+07
1.791731178907943144e+07
1.791731178779604658e+07
1.791731178646083549e+07
1.791731178507314995e+07
1.791731178363323584e+07
1.791731178214112669e+07
