6.034479766487012617e+06
6.034479766482467763e+06
6.034479766470053233e+06
6.034479766449825838e+06
6.034479766421800479e+06
6.034479766386033036e+06
6.034479766342232935e+06
6.034479766290741973e+06
6.034479766231541522e+06
6.034479766164355911e+06
6.034479766089379787e+06
6.034479766006521881e+06
6.034479765915951692e+06
6.034479765817587264e+06
6.034479765711219050e+06
6.034479765597231686e+06
6.034479765475265682e+06
6.034479765345562249e+06
6.034479765208020806e+06
6.034479765062591061e+06
6.034479764909481630e+06
6.034479764748415910e+06
6.034479764579623938e+06
6.034479764402817003e+06
6.034479764218439348e+06
6.034479764026155695e+06
6.034479763825912029e+06
6.034479763618046418e+06
6.034479763402264565e+06
6.034479763178702444e+06
