6.841363028294152021e+07
6.841363028293250501e+07
6.841363028290800750e+07
6.841363028286878765e+07
6.841363028281357884e+07
6.841363028274302185e+07
6.841363028265781701e+07
6.841363028255666792e+07
6.841363028244072199e+07
6.841363028231084347e+07
6.841363028216242790e+07
6.841363028200034797e+07
6.841363028182187676e+07
6.841363028162470460e+07
6.841363028141663969e+07
6.841363028119237721e+07
6.841363028095224500e+07
6.841363028069759905e+07
6.841363028042611480e+07
6.841363028013777733e+07
6.841363027983470261e+07
6.841363027951827645e+07
6.841363027918772399e+07
6.841363027884002030e+07
6.841363027847886086e+07
6.841363027810119092e+07
6.841363027770850062e+07
6.841363027729728818e+07
6.841363027687110007e+07
6.841363027642813325e+07
