1.231780855105399154e+07
1.231780855102811754e+07
1.231780855095776357e+07
1.231780855084304512e+07
1.231780855068441480e+07
1.231780855048116855e+07
1.231780855023361370e+07
1.231780854994137958e+07
1.231780854960512929e+07
1.231780854922473989e+07
1.231780854879957996e+07
1.231780854833039641e+07
1.231780854781658761e+07
1.231780854725871235e+07
1.231780854665612057e+07
1.231780854600956477e+07
1.231780854531845637e+07
1.231780854458312131e+07
1.231780854380328953e+07
1.231780854297955148e+07
1.231780854211078957e+07
1.231780854119798169e+07
1.231780854024077766e+07
1.231780853923944198e+07
1.231780853819384053e+07
1.231780853710340150e+07
1.231780853596890159e+07
1.231780853479007632e+07
1.231780853356671706e+07
1.231780853229911998e+07
