7.245504068416526914e+07
7.245504068406690657e+07
7.245504068379816413e+07
7.245504068336084485e+07
7.245504068275706470e+07
7.245504068198259175e+07
7.245504068104152381e+07
7.245504067993023992e+07
7.245504067864690721e+07
7.245504067720107734e+07
7.245504067557683587e+07
7.245504067379336059e+07
7.245504067183643579e+07
7.245504066971050203e+07
7.245504066741864383e+07
7.245504066495580971e+07
7.245504066232156754e+07
7.245504065952757001e+07
7.245504065655294061e+07
7.245504065341374278e+07
7.245504065010505915e+07
7.245504064663319290e+07
7.245504064299137890e+07
7.245504063917803764e+07
7.245504063519008458e+07
7.245504063104128838e+07
7.245504062672074139e+07
7.245504062223266065e+07
7.245504061757415533e+07
7.245504061274270713e+07
