9.253884533559383452e+07
9.253884533554522693e+07
9.253884533541490138e+07
9.253884533520153165e+07
9.253884533490389585e+07
9.253884533452366292e+07
9.253884533406041563e+07
9.253884533351643384e+07
9.253884533288760483e+07
9.253884533217284083e+07
9.253884533137524128e+07
9.253884533049532771e+07
9.253884532953372598e+07
9.253884532849028707e+07
9.253884532736605406e+07
9.253884532615688443e+07
9.253884532486473024e+07
9.253884532348771393e+07
9.253884532202954590e+07
9.253884532048289478e+07
9.253884531885950267e+07
9.253884531715399027e+07
9.253884531535503268e+07
9.253884531348070502e+07
9.253884531152245402e+07
9.253884530948883295e+07
9.253884530736705661e+07
9.253884530515742302e+07
9.253884530286873877e+07
9.253884530049611628e+07
