7.337531374668587931e+06
7.337531374662057497e+06
7.337531374644425698e+06
7.337531374615477398e+06
7.337531374575388618e+06
7.337531374524313025e+06
7.337531374461933970e+06
7.337531374388425611e+06
7.337531374303672463e+06
7.337531374207731336e+06
7.337531374100808986e+06
7.337531373982550576e+06
7.337531373853154480e+06
7.337531373712479137e+06
7.337531373560714535e+06
7.337531373397867195e+06
7.337531373223696835e+06
7.337531373038531281e+06
7.337531372842029668e+06
7.337531372634526342e+06
7.337531372415617108e+06
7.337531372185660526e+06
7.337531371944709681e+06
7.337531371692392044e+06
7.337531371428872459e+06
7.337531371154246852e+06
7.337531370868444443e+06
7.337531370571423322e+06
7.337531370263297111e+06
7.337531369944038801e+06
