9.490058246809527278e+06
9.490058246803507209e+06
9.490058246786931530e+06
9.490058246759906411e+06
9.490058246722705662e+06
9.490058246674949303e+06
9.490058246616680175e+06
9.490058246548015624e+06
9.490058246469037607e+06
9.490058246379436925e+06
9.490058246279701591e+06
9.490058246169283986e+06
9.490058246048539877e+06
9.490058245917543769e+06
9.490058245775673538e+06
9.490058245623698458e+06
9.490058245461113751e+06
9.490058245288284495e+06
9.490058245104847476e+06
9.490058244911175221e+06
9.490058244707172737e+06
9.490058244492571801e+06
9.490058244267560542e+06
9.490058244032159448e+06
9.490058243786370382e+06
9.490058243529943749e+06
9.490058243263272569e+06
9.490058242986170575e+06
9.490058242698466405e+06
9.490058242400610819e+06
