6.986737694738154113e+07
6.986737694733996689e+07
6.986737694722937047e+07
6.986737694704644382e+07
6.986737694679303467e+07
6.986737694646868110e+07
6.986737694607213140e+07
6.986737694560603797e+07
6.986737694507205486e+07
6.986737694446276128e+07
6.986737694378250837e+07
6.986737694303332269e+07
6.986737694221639633e+07
6.986737694132655859e+07
6.986737694036439061e+07
6.986737693933035433e+07
6.986737693822875619e+07
6.986737693705809116e+07
6.986737693581639230e+07
6.986737693449541926e+07
6.986737693311092257e+07
6.986737693165731430e+07
6.986737693013004959e+07
6.986737692853040993e+07
6.986737692685809731e+07
6.986737692512208223e+07
6.986737692331539094e+07
6.986737692143443227e+07
6.986737691947819293e+07
6.986737691745927930e+07
