8.476678763396682218e+06
8.476678763390613720e+06
8.476678763374324888e+06
8.476678763347640634e+06
8.476678763310674578e+06
8.476678763263368979e+06
8.476678763205839321e+06
8.476678763137824833e+06
8.476678763059567660e+06
8.476678762971058488e+06
8.476678762872077525e+06
8.476678762762848288e+06
8.476678762643357739e+06
8.476678762513412163e+06
8.476678762373335660e+06
8.476678762222893536e+06
8.476678762061960995e+06
8.476678761890800670e+06
8.476678761709339917e+06
8.476678761517724022e+06
8.476678761315586045e+06
8.476678761103082448e+06
8.476678760880142450e+06
8.476678760647278279e+06
8.476678760403834283e+06
8.476678760150171816e+06
8.476678759886110201e+06
8.476678759611805901e+06
8.476678759327255189e+06
8.476678759032042697e+06
