1.084975563307758123e+08
1.084975563307363689e+08
1.084975563306316435e+08
1.084975563304586709e+08
1.084975563302214891e+08
1.084975563299173862e+08
1.084975563295453489e+08
1.084975563291105926e+08
1.084975563286058903e+08
1.084975563280360401e+08
1.084975563273978829e+08
1.084975563266930878e+08
1.084975563259201050e+08
1.084975563250847012e+08
1.084975563241845965e+08
1.084975563232143074e+08
1.084975563221828341e+08
1.084975563210790455e+08
1.084975563199114501e+08
1.084975563186767995e+08
1.084975563173733801e+08
1.084975563160089552e+08
1.084975563145733625e+08
1.084975563130657822e+08
1.084975563115004301e+08
1.084975563098673075e+08
1.084975563081704527e+08
1.084975563064065427e+08
1.084975563045753092e+08
1.084975563026770949e+08
