9.725148911555270851e+07
9.725148911536943913e+07
9.725148911487609148e+07
9.725148911406299472e+07
9.725148911294901371e+07
9.725148911151902378e+07
9.725148910977046192e+07
9.725148910771045089e+07
9.725148910533322394e+07
9.725148910264731944e+07
9.725148909964025021e+07
9.725148909632825851e+07
9.725148909271517396e+07
9.725148908876176178e+07
9.725148908451786637e+07
9.725148907995446026e+07
9.725148907507494092e+07
9.725148906988236308e+07
9.725148906438381970e+07
9.725148905856487155e+07
9.725148905243699253e+07
9.725148904599021375e+07
9.725148903924037516e+07
9.725148903216609359e+07
9.725148902478168905e+07
9.725148901709662378e+07
9.725148900908249617e+07
9.725148900076606870e+07
9.725148899212908745e+07
9.725148898318319023e+07
