3.529581713437222689e+07
3.529581713431786746e+07
3.529581713416938484e+07
3.529581713392767310e+07
3.529581713359192014e+07
3.529581713316392154e+07
3.529581713264187425e+07
3.529581713202702254e+07
3.529581713131865859e+07
3.529581713051766157e+07
3.529581712962207943e+07
3.529581712863251567e+07
3.529581712755161524e+07
3.529581712637452036e+07
3.529581712510631979e+07
3.529581712374424934e+07
3.529581712228856236e+07
3.529581712073977292e+07
3.529581711909539253e+07
3.529581711736075580e+07
3.529581711553000659e+07
3.529581711360737681e+07
3.529581711159095168e+07
3.529581710948098451e+07
3.529581710727715492e+07
3.529581710498008132e+07
3.529581710259055346e+07
3.529581710010682046e+07
3.529581709753050655e+07
3.529581709485955536e+07
