2.276767921534249559e+06
2.276767921533813234e+06
2.276767921532612760e+06
2.276767921530653257e+06
2.276767921527945902e+06
2.276767921524460893e+06
2.276767921520244796e+06
2.276767921515282709e+06
2.276767921509540640e+06
2.276767921503070742e+06
2.276767921495801769e+06
2.276767921487804502e+06
2.276767921479051933e+06
2.276767921469534747e+06
2.276767921459266916e+06
2.276767921448240057e+06
2.276767921436451841e+06
2.276767921423930675e+06
2.276767921410609037e+06
2.276767921396561433e+06
2.276767921381752472e+06
2.276767921366203111e+06
2.276767921349867713e+06
2.276767921332796104e+06
2.276767921314966865e+06
2.276767921296385583e+06
2.276767921277035028e+06
2.276767921256930102e+06
2.276767921236100607e+06
2.276767921214471105e+06
