2.452331420103712082e+08
2.452331420101563931e+08
2.452331420095801055e+08
2.452331420086291730e+08
2.452331420073209405e+08
2.452331420056493580e+08
2.452331420036070347e+08
2.452331420011759400e+08
2.452331419984099567e+08
2.452331419952696562e+08
2.452331419917578101e+08
2.452331419878847897e+08
2.452331419836401045e+08
2.452331419790340364e+08
2.452331419740646780e+08
2.452331419686988890e+08
2.452331419629941285e+08
2.452331419569246173e+08
2.452331419504904151e+08
2.452331419436841905e+08
2.452331419364971817e+08
2.452331419289483130e+08
2.452331419210288823e+08
2.452331419127475619e+08
2.452331419041167796e+08
2.452331418951196671e+08
2.452331418857498169e+08
2.452331418760192394e+08
2.452331418659003377e+08
2.452331418554367125e+08
