4.339306558117204905e+07
4.339306558112457395e+07
4.339306558099700511e+07
4.339306558078788221e+07
4.339306558049710840e+07
4.339306558012497425e+07
4.339306557967263460e+07
4.339306557913807034e+07
4.339306557852163166e+07
4.339306557782616466e+07
4.339306557705038786e+07
4.339306557619291544e+07
4.339306557525383681e+07
4.339306557423321903e+07
4.339306557313301414e+07
4.339306557194828987e+07
4.339306557068741322e+07
4.339306556934192032e+07
4.339306556791533530e+07
4.339306556640956551e+07
4.339306556482093036e+07
4.339306556315292418e+07
4.339306556140270084e+07
4.339306555957084149e+07
4.339306555765882879e+07
4.339306555566665530e+07
4.339306555358979851e+07
4.339306555143671483e+07
4.339306554919796437e+07
4.339306554688169807e+07
