2.170803336217959598e+07
2.170803336215983704e+07
2.170803336210681871e+07
2.170803336201874912e+07
2.170803336189750209e+07
2.170803336174206808e+07
2.170803336155353114e+07
2.170803336133059859e+07
2.170803336107416078e+07
2.170803336078365147e+07
2.170803336045961455e+07
2.170803336010128260e+07
2.170803335970946029e+07
2.170803335928406566e+07
2.170803335882451758e+07
2.170803335833068565e+07
2.170803335780354962e+07
2.170803335724302754e+07
2.170803335664736107e+07
2.170803335601881519e+07
2.170803335535663739e+07
2.170803335465964302e+07
2.170803335392951965e+07
2.170803335316540673e+07
2.170803335236759484e+07
2.170803335153612494e+07
2.170803335067034140e+07
2.170803334977114946e+07
2.170803334883755073e+07
2.170803334787027538e+07
