1.236104763150150888e+07
1.236104763147280551e+07
1.236104763139444403e+07
1.236104763126665354e+07
1.236104763108952716e+07
1.236104763086284138e+07
1.236104763058678061e+07
1.236104763026153669e+07
1.236104762988649122e+07
1.236104762946192175e+07
1.236104762898829766e+07
1.236104762846498750e+07
1.236104762789203227e+07
1.236104762727021798e+07
1.236104762659845129e+07
1.236104762587755546e+07
1.236104762510679290e+07
1.236104762428695709e+07
1.236104762341741659e+07
1.236104762249867804e+07
1.236104762153065391e+07
1.236104762051287852e+07
1.236104761944581382e+07
1.236104761832898296e+07
1.236104761716327257e+07
1.236104761594771780e+07
1.236104761468270607e+07
1.236104761336848512e+07
1.236104761200432107e+07
1.236104761059121415e+07
