3.098600876106356457e+07
3.098600876103578880e+07
3.098600876096110791e+07
3.098600876083858684e+07
3.098600876066753641e+07
3.098600876045003533e+07
3.098600876018516347e+07
3.098600875987248868e+07
3.098600875951376185e+07
3.098600875910582393e+07
3.098600875864940882e+07
3.098600875814791024e+07
3.098600875759779289e+07
3.098600875700140744e+07
3.098600875635558367e+07
3.098600875566354394e+07
3.098600875492403284e+07
3.098600875413561612e+07
3.098600875330285728e+07
3.098600875242038444e+07
3.098600875149056315e+07
3.098600875051345304e+07
3.098600874948871136e+07
3.098600874841645733e+07
3.098600874729685858e+07
3.098600874613029882e+07
3.098600874491614103e+07
3.098600874365437031e+07
3.098600874234383926e+07
3.098600874098753557e+07
