3.395570890235001594e+07
3.395570890230152756e+07
3.395570890217131376e+07
3.395570890195957571e+07
3.395570890166468173e+07
3.395570890128640085e+07
3.395570890082937479e+07
3.395570890028735995e+07
3.395570889966279268e+07
3.395570889895823598e+07
3.395570889816815406e+07
3.395570889729874581e+07
3.395570889634525031e+07
3.395570889531103522e+07
3.395570889419242740e+07
3.395570889299435914e+07
3.395570889171241224e+07
3.395570889034788311e+07
3.395570888890186697e+07
3.395570888737331331e+07
3.395570888576292247e+07
3.395570888406999409e+07
3.395570888229499757e+07
3.395570888043771684e+07
3.395570887849822640e+07
3.395570887647528201e+07
3.395570887437257916e+07
3.395570887218461186e+07
3.395570886991554499e+07
3.395570886756461114e+07
