2.025721508972236887e+07
2.025721508970530704e+07
2.025721508965890110e+07
2.025721508958343789e+07
2.025721508947791904e+07
2.025721508934316412e+07
2.025721508917956427e+07
2.025721508898650482e+07
2.025721508876379579e+07
2.025721508851163089e+07
2.025721508823046833e+07
2.025721508791984618e+07
2.025721508757968247e+07
2.025721508721020445e+07
2.025721508681152761e+07
2.025721508638330176e+07
2.025721508592610061e+07
2.025721508543964475e+07
2.025721508492356911e+07
2.025721508437753469e+07
2.025721508380301297e+07
2.025721508319884166e+07
2.025721508256534487e+07
2.025721508190260455e+07
2.025721508120984957e+07
2.025721508048808575e+07
2.025721507973738760e+07
2.025721507895731181e+07
2.025721507814753801e+07
2.025721507730799168e+07
