4.745654271505619586e+07
4.745654271502833813e+07
4.745654271495353431e+07
4.745654271483064443e+07
4.745654271466068178e+07
4.745654271444419771e+07
4.745654271417990327e+07
4.745654271386770904e+07
4.745654271350805461e+07
4.745654271310152858e+07
4.745654271264762431e+07
4.745654271214526147e+07
4.745654271159720421e+07
4.745654271100196242e+07
4.745654271035715938e+07
4.745654270966643840e+07
4.745654270892872661e+07
4.745654270814345777e+07
4.745654270731071383e+07
4.745654270643060654e+07
4.745654270550211519e+07
4.745654270452810824e+07
4.745654270350440592e+07
4.745654270243535936e+07
4.745654270131721348e+07
4.745654270015405118e+07
4.745654269894276559e+07
4.745654269767962396e+07
4.745654269637499750e+07
4.745654269502083957e+07
