7.498656444108894467e+07
7.498656444104932249e+07
7.498656444094088674e+07
7.498656444076687098e+07
7.498656444052422047e+07
7.498656444021373987e+07
7.498656443983550370e+07
7.498656443938671052e+07
7.498656443886984885e+07
7.498656443828579783e+07
7.498656443763792515e+07
7.498656443692308664e+07
7.498656443613922596e+07
7.498656443528370559e+07
7.498656443436367810e+07
7.498656443337625265e+07
7.498656443231964111e+07
7.498656443119522929e+07
7.498656443000097573e+07
7.498656442874251306e+07
7.498656442741586268e+07
7.498656442601653934e+07
7.498656442455381155e+07
7.498656442302037776e+07
7.498656442142193019e+07
7.498656441975381970e+07
7.498656441802069545e+07
7.498656441621991992e+07
7.498656441434723139e+07
7.498656441241143644e+07
