3.745983197316969186e+07
3.745983197316153347e+07
3.745983197314008325e+07
3.745983197310511768e+07
3.745983197305692732e+07
3.745983197299494594e+07
3.745983197291879356e+07
3.745983197282931209e+07
3.745983197272583097e+07
3.745983197260964662e+07
3.745983197247950733e+07
3.745983197233644128e+07
3.745983197217963636e+07
3.745983197200913727e+07
3.745983197182548791e+07
3.745983197162822634e+07
3.745983197141747177e+07
3.745983197119317949e+07
3.745983197095496953e+07
3.745983197070267797e+07
3.745983197043687850e+07
3.745983197015924007e+07
3.745983196986681968e+07
3.745983196956057101e+07
3.745983196924066544e+07
3.745983196890921891e+07
3.745983196856264770e+07
3.745983196820187569e+07
3.745983196782911569e+07
3.745983196744024754e+07
