1.297816341199467890e+07
1.297816341198322549e+07
1.297816341195281222e+07
1.297816341190290265e+07
1.297816341183377802e+07
1.297816341174527258e+07
1.297816341163737886e+07
1.297816341151042283e+07
1.297816341136394069e+07
1.297816341119802743e+07
1.297816341101309098e+07
1.297816341080880165e+07
1.297816341058532149e+07
1.297816341034224443e+07
1.297816341008018330e+07
1.297816340979880281e+07
1.297816340949792787e+07
1.297816340917768329e+07
1.297816340883808956e+07
1.297816340847942978e+07
1.297816340810141340e+07
1.297816340770409070e+07
1.297816340728756227e+07
1.297816340685129352e+07
1.297816340639615804e+07
1.297816340592167526e+07
1.297816340542766824e+07
1.297816340491432697e+07
1.297816340438190475e+07
1.297816340383034386e+07
