6.437096121983599663e+07
6.437096121980007738e+07
6.437096121970354021e+07
6.437096121954386681e+07
6.437096121932298690e+07
6.437096121903854609e+07
6.437096121869619191e+07
6.437096121828804910e+07
6.437096121782080084e+07
6.437096121728948504e+07
6.437096121669778228e+07
6.437096121604397893e+07
6.437096121533002704e+07
6.437096121455192566e+07
6.437096121371243149e+07
6.437096121281139553e+07
6.437096121185105294e+07
6.437096121082500368e+07
6.437096120973799378e+07
6.437096120859080553e+07
6.437096120738320798e+07
6.437096120611055195e+07
6.437096120477539301e+07
6.437096120338049531e+07
6.437096120192678273e+07
6.437096120040631294e+07
6.437096119882680476e+07
6.437096119718383998e+07
6.437096119548204541e+07
6.437096119371592999e+07
