3.308655013105239272e+08
3.308655013101034760e+08
3.308655013089638948e+08
3.308655013071165681e+08
3.308655013045377135e+08
3.308655013012248874e+08
3.308655012972032428e+08
3.308655012924717665e+08
3.308655012870385051e+08
3.308655012808818221e+08
3.308655012740074992e+08
3.308655012664225101e+08
3.308655012580751181e+08
3.308655012490235567e+08
3.308655012392656803e+08
3.308655012287888527e+08
3.308655012175677419e+08
3.308655012056601048e+08
3.308655011930254102e+08
3.308655011796584129e+08
3.308655011655673385e+08
3.308655011507970095e+08
3.308655011352732778e+08
3.308655011190770864e+08
3.308655011020872593e+08
3.308655010844003558e+08
3.308655010660252571e+08
3.308655010469289422e+08
3.308655010271120071e+08
3.308655010065534115e+08
