1.022461936692122221e+08
1.022461936690324843e+08
1.022461936685328782e+08
1.022461936677245051e+08
1.022461936666055173e+08
1.022461936651716083e+08
1.022461936634199768e+08
1.022461936613645703e+08
1.022461936589941829e+08
1.022461936563030034e+08
1.022461936533000171e+08
1.022461936499874741e+08
1.022461936463592052e+08
1.022461936424166262e+08
1.022461936381653547e+08
1.022461936335999668e+08
1.022461936287215799e+08
1.022461936235293448e+08
1.022461936180247068e+08
1.022461936122017205e+08
1.022461936060658544e+08
1.022461935996296406e+08
1.022461935928639024e+08
1.022461935857915729e+08
1.022461935784143656e+08
1.022461935707129836e+08
1.022461935627040714e+08
1.022461935543819219e+08
1.022461935457420647e+08
1.022461935367904305e+08
