1.826862736423796415e+07
1.826862736420891061e+07
1.826862736413057521e+07
1.826862736400205642e+07
1.826862736382425204e+07
1.826862736359616742e+07
1.826862736331883818e+07
1.826862736299156398e+07
1.826862736261495203e+07
1.826862736218808964e+07
1.826862736171212047e+07
1.826862736118626222e+07
1.826862736061062291e+07
1.826862735998553783e+07
1.826862735931039974e+07
1.826862735858610645e+07
1.826862735781156644e+07
1.826862735698725656e+07
1.826862735611346737e+07
1.826862735519090667e+07
1.826862735421696305e+07
1.826862735319484025e+07
1.826862735212182999e+07
1.826862735099965706e+07
1.826862734982807562e+07
1.826862734860642627e+07
1.826862734733480960e+07
1.826862734601416811e+07
1.826862734464322031e+07
1.826862734322308004e+07
