8.564875929962885380e+07
8.564875929950773716e+07
8.564875929917897284e+07
8.564875929864178598e+07
8.564875929789471626e+07
8.564875929693545401e+07
8.564875929576462507e+07
8.564875929439449310e+07
8.564875929281231761e+07
8.564875929102137685e+07
8.564875928901574016e+07
8.564875928681397438e+07
8.564875928439725935e+07
8.564875928177526593e+07
8.564875927893665433e+07
8.564875927589122951e+07
8.564875927264410257e+07
8.564875926917923987e+07
8.564875926551657915e+07
8.564875926163423061e+07
8.564875925754682720e+07
8.564875925325630605e+07
8.564875924874740839e+07
8.564875924403549731e+07
8.564875923911319673e+07
8.564875923398357630e+07
8.564875922864855826e+07
8.564875922310040891e+07
8.564875921734324098e+07
8.564875921137925982e+07
