2.199846531717157066e+08
2.199846531716603041e+08
2.199846531715065241e+08
2.199846531712583601e+08
2.199846531709153652e+08
2.199846531704786420e+08
2.199846531699447632e+08
2.199846531693109274e+08
2.199846531685833931e+08
2.199846531677616239e+08
2.199846531668402851e+08
2.199846531658320129e+08
2.199846531647201777e+08
2.199846531635165215e+08
2.199846531622075438e+08
2.199846531608131826e+08
2.199846531593041718e+08
2.199846531577169001e+08
2.199846531560368240e+08
2.199846531542546153e+08
2.199846531523696780e+08
2.199846531503905654e+08
2.199846531483121216e+08
2.199846531461451650e+08
2.199846531438896358e+08
2.199846531415346265e+08
2.199846531390730739e+08
2.199846531365217268e+08
2.199846531338803470e+08
2.199846531311276555e+08
