3.945725844808187801e+06
3.945725844806424808e+06
3.945725844801623374e+06
3.945725844793939032e+06
3.945725844783210661e+06
3.945725844769486226e+06
3.945725844752836507e+06
3.945725844733152073e+06
3.945725844710465521e+06
3.945725844684784766e+06
3.945725844656165224e+06
3.945725844624523539e+06
3.945725844589851797e+06
3.945725844552253839e+06
3.945725844511607662e+06
3.945725844468014315e+06
3.945725844421435148e+06
3.945725844371827785e+06
3.945725844319269527e+06
3.945725844263690524e+06
3.945725844205141068e+06
3.945725844143608119e+06
3.945725844079066999e+06
3.945725844011542387e+06
3.945725843941024505e+06
3.945725843867493793e+06
3.945725843791052233e+06
3.945725843711554073e+06
3.945725843629045412e+06
3.945725843543616123e+06
