1.923528332547648344e+06
1.923528332542816177e+06
1.923528332529741572e+06
1.923528332508391002e+06
1.923528332478787983e+06
1.923528332440934842e+06
1.923528332394804573e+06
1.923528332340412075e+06
1.923528332277758745e+06
1.923528332206844585e+06
1.923528332127660047e+06
1.923528332040219568e+06
1.923528331944524776e+06
1.923528331840568455e+06
1.923528331728335004e+06
1.923528331607840257e+06
1.923528331479097949e+06
1.923528331342092017e+06
1.923528331196836662e+06
1.923528331043293234e+06
1.923528330881497590e+06
1.923528330711439485e+06
1.923528330533128930e+06
1.923528330346537754e+06
1.923528330151697155e+06
1.923528329948583152e+06
1.923528329737213906e+06
1.923528329517586855e+06
1.923528329289680347e+06
1.923528329053537222e+06
