4.026765223410912603e+07
4.026765223403992504e+07
4.026765223385190219e+07
4.026765223354639858e+07
4.026765223312010616e+07
4.026765223257684708e+07
4.026765223191406578e+07
4.026765223113314807e+07
4.026765223023455590e+07
4.026765222921503335e+07
4.026765222807814926e+07
4.026765222682236880e+07
4.026765222544848174e+07
4.026765222395539284e+07
4.026765222234182060e+07
4.026765222061254084e+07
4.026765221876364946e+07
4.026765221679513901e+07
4.026765221470948309e+07
4.026765221250341088e+07
4.026765221017929167e+07
4.026765220773924887e+07
4.026765220517675579e+07
4.026765220249704272e+07
4.026765219969915599e+07
4.026765219678062946e+07
4.026765219374626875e+07
4.026765219059231132e+07
4.026765218731728196e+07
4.026765218392786384e+07
