1.431118288371207416e+08
1.431118288368660212e+08
1.431118288361777365e+08
1.431118288350561857e+08
1.431118288334923983e+08
1.431118288314947188e+08
1.431118288290643096e+08
1.431118288262008131e+08
1.431118288228955865e+08
1.431118288191645741e+08
1.431118288149884939e+08
1.431118288103837967e+08
1.431118288053525686e+08
1.431118287998768389e+08
1.431118287939585149e+08
1.431118287876085937e+08
1.431118287808341682e+08
1.431118287736061215e+08
1.431118287659646869e+08
1.431118287578654289e+08
1.431118287493505180e+08
1.431118287403872013e+08
1.431118287309958935e+08
1.431118287211716175e+08
1.431118287108994722e+08
1.431118287002072930e+08
1.431118286890703440e+08
1.431118286775033176e+08
1.431118286654976010e+08
1.431118286530605853e+08
