7.776250647979587317e+07
7.776250647971868515e+07
7.776250647951024771e+07
7.776250647916834056e+07
7.776250647869768739e+07
7.776250647809498012e+07
7.776250647736081481e+07
7.776250647649434209e+07
7.776250647549474239e+07
7.776250647436530888e+07
7.776250647310118377e+07
7.776250647170366347e+07
7.776250647017599642e+07
7.776250646852317452e+07
7.776250646672981977e+07
7.776250646480827034e+07
7.776250646275532246e+07
7.776250646056872606e+07
7.776250645825330913e+07
7.776250645580793917e+07
7.776250645322316885e+07
7.776250645051400363e+07
7.776250644767057896e+07
7.776250644469325244e+07
7.776250644157969952e+07
7.776250643834447861e+07
7.776250643497443199e+07
7.776250643147075176e+07
7.776250642784114182e+07
7.776250642407099903e+07
