931076896 931078422
931078516 931079197
931081044 931081047
931081116 931083016
931138578 931138581
931138606 931138608
931160296 931164463
931173201 931173654
931174456 931177008
931180124 931183352
931184447 931191093
931219808 931220215
931244439 931245477
931250547 931252551
931257335 931258316
931262803 931268002
931270026 931271679
931283293 931284015
931290692 931291128
931292789 931292910
931317186 931318362
931326936 931327524
931329600 931330524
931331181 931338588
931340994 931341972
931344916 931346634
931351614 931354215
931357989 931358526
931399838 931403556
931418986 931424544
931426097 931429793
931432658 931432940
931434808 931435464
931436894 931436936
931439658 931439964
931443031 931443438
931446557 931454224
931457512 931457928
931461152 931467247
931468817 931470168
931471964 931472783
931483130 931483408
931499526 931500161
931533169 931533173
931533278 931533936
931533986 931534717
931539619 931540489
931589668 931592256
931600810 931604018
931612014 931613431
931661297 931663309
931665054 931665224
931667881 931673022
931673608 931674755
931685699 931686164
931712153 931712925
931725493 931725593
931736957 931741974
931767329 931775068
931775338 931776362
931776790 931777324
931782475 931782757
931784402 931785726
931788493 931789948
931793105 931795282
931828415 931829847
931851820 931852070
931852543 931856064
931857948 931858717
931868259 931873915
931876107 931878044
931881147 931881152
931882589 931882717
931886700 931888049
931916617 931916618
931916646 931921699
931932667 931937982
931938882 931941442
931949457 931953010
931954992 931955233
931973365 931975575
931977361 931978775
931978915 931979336
931983901 931985765
931988658 931991834
931998060 931998951
932010680 932011112
932014809 932015472
932018706 932025135
932034026 932037734
932038336 932038621
932041437 932047266
932049047 932055058
932058572 932060071
932063232 932068035
932069494 932074138
932081683 932088164
932089009 932090746
932094330 932106401
932107168 932108653
932108680 932109218
932109959 932112658
932115268 932122405
932123648 932124559
932132100 932133056
932144795 932144826
932148013 932149655
932160666 932161256
932163273 932164052
932172102 932178160
932187087 932191441
932196440 932202885
932205873 932210350
932269258 932269480
932270492 932284674
932288665 932289857
932293443 932297132
932311471 932312149
932317030 932317068
932319084 932319274
932320369 932320656
932323723 932324420
932345677 932345972
932348140 932356999
932359128 932361834
932362651 932365837
932370618 932373156
932379009 932382387
932399428 932399549
932408671 932411080
932411233 932411335
932417009 932417980
932418081 932418523
932419372 932419981
932420853 932421531
932422329 932422662
932426536 932427832
932427969 932427979
932434417 932435310
932435651 932435818
932441350 932444820
932450319 932452381
932454649 932463697
932465621 932466354
932472525 932473706
932474562 932477233
932480179 932484203
932485199 932485200
932485282 932485975
932492038 932494822
932495918 932496512
932498631 932504674
932508926 932511414
932511886 932521140
932521942 932522273
932532745 932537341
932540797 932547513
932550889 932559595
932565587 932566399
932587098 932587153
932588003 932592903
932594634 932601620
932603799 932611888
932616154 932618850
932619581 932623846
932628292 932635506
932637850 932641762
932649633 932658501
932668359 932673372
932675678 932679742
932694881 932709376
932711212 932713715
932717212 932722548
932724942 932726404
932729381 932730011
932758842 932759066
932760935 932761469
932763575 932765863
932771327 932771745
932791915 932799100
932803648 932807971
932810102 932813683
932817146 932817148
932817303 932820245
932935560 932936370
932939605 932944049
932944457 932944544
932945797 932948405
932958826 932959434
932960498 932964635
932965829 932968833
932969810 932971048
932972149 932976045
932976597 932978319
932979353 932980374
932983019 932984197
932985622 932989948
932993893 932996087
932997233 932997815
933012003 933012257
933012293 933012412
933014598 933014931
933015825 933017982
933048184 933050737
933061327 933061888
933063485 933065114
933067021 933067897
933076358 933077741
933083065 933084071
933085270 933085744
933089709 933089899
933095086 933096088
933104983 933105996
933106098 933109832
933142374 933147051
933149548 933150132
933154332 933155191
933166840 933167952
933183532 933183623
933183940 933187789
933190106 933199622
933199781 933218702
933220514 933228575
933234841 933236147
933237803 933242516
933246646 933247729
933252472 933264843
933268926 933268991
933269425 933272871
933275848 933276385
933278719 933280730
933282481 933289802
933292866 933307012
933308352 933308454
933316739 933318574
933319824 933322877
933323436 933333174
933335278 933338910
933340113 933343611
933344402 933344449
933346794 933346905
933352584 933352981
933354387 933355016
933356789 933357405
933403516 933405773
933411506 933416212
933498781 933499059
933513247 933522356
933524323 933528154
933530296 933530704
933535061 933535114
933573805 933578547
933582359 933593140
933593813 933594354
933597724 933598155
933600183 933600483
933600954 933602352
933602827 933604278
933604680 933604696
933604853 933606320
933606961 933607921
933608394 933608412
933608420 933608424
933608437 933609353
933609802 933612487
933612919 933614159
933626104 933626543
933658954 933661172
933686222 933686546
933687004 933687186
933687670 933688208
933688811 933688862
933690244 933690487
933691001 933691789
933692386 933692699
933693197 933694205
933694689 933695265
933701582 933701661
933703007 933703058
933703973 933704909
933706234 933707068
933711220 933712476
933720060 933724188
933726635 933727094
933729755 933730677
933731371 933732989
933738363 933753294
933755040 933758333
933767644 933767645
933772816 933773021
933774442 933776013
933778716 933780698
933781482 933783411
933784695 933785304
933785798 933794479
933795127 933796659
933798794 933808678
933809158 933810507
933816877 933817199
933817242 933820204
933822603 933825410
933826145 933826146
933829390 933842755
933843676 933844069
933844620 933851241
933865440 933866148
933866738 933867915
933872227 933873018
933873440 933876868
933880194 933882512
933883904 933884038
933884890 933884915
933885570 933890681
933891038 933891039
933891073 933895703
933897396 933900485
933900670 933907032
933909120 933913217
933925272 933927220
933928531 933929582
933930634 933934329
933942989 933942999
933945886 933947644
933951212 933952223
933953534 933954049
933956110 933957498
933958480 933960023
933965187 933969648
933999363 934001566
934004537 934011340
934012338 934012432
934015221 934023836
934024421 934025091
934026936 934026953
934028851 934029574
934065792 934066467
934079170 934081021
934083340 934084216
934085941 934090931
934093285 934099524
934103335 934111866
934112777 934113876
934126605 934126801
934127442 934127930
934129261 934129262
934129284 934129439
934130061 934130285
934130784 934131250
934143372 934145435
934150077 934150197
934151819 934152150
934164501 934167327
934169252 934169816
934172662 934173837
934173897 934179538
934180030 934191781
934194795 934198336
934200263 934203054
934203863 934204166
934205550 934205726
934213804 934213805
934214798 934215588
934216737 934217695
934223388 934223693
934230874 934231245
934231889 934235763
934242716 934243990
934248432 934250640
934257654 934258843
934260498 934261893
934265631 934267289
934268094 934268336
934278581 934281810
934283453 934283481
934283944 934287307
934288910 934289018
934294840 934294888
934296359 934296368
934298264 934298941
934302193 934303847
934306148 934306512
934307215 934307649
934309513 934312061
934315699 934316533
934318816 934319983
934321640 934322142
934324418 934329485
934335327 934337090
934341532 934348551
934349542 934350097
934351875 934366564
934367833 934371277
934384079 934384281
934384915 934387170
934389917 934389918
934390045 934394331
934395124 934395267
934395826 934397134
934397655 934397656
934397663 934398835
934399263 934401750
934403218 934409208
934413129 934415681
934417984 934417998
934419362 934427328
934431730 934432518
934434470 934438483
934439452 934444664
934459510 934463361
934488006 934497190
934498043 934503550
934518086 934521545
934524311 934531269
934534908 934539865
934586382 934586384
934586648 934588346
934593938 934594320
934603526 934603805
934604276 934607122
934608260 934617379
934620706 934623791
934626312 934629672
934678632 934681632
934683337 934684584
934684962 934687193
934688697 934698298
934700165 934705782
934708092 934713869
934715360 934715647
934716304 934716580
934769511 934772839
934773714 934781817
934782782 934785893
934801640 934802298
934802778 934803761
934867679 934869535
934883764 934886500
934945006 934945603
934948257 934955323
934957381 934972201
934973577 934974572
935130544 935133701
935136614 935136904
935137582 935139791
935142087 935145847
935147187 935147799
935659145 935659146
935659159 935659161
935659237 935659238
935659260 935659262
935659271 935659273
938000353 938003143
938004408 938005451
938007994 938008530
938011265 938011284
938012306 938016943
938024071 938024130
938024258 938026887
938027196 938029028
938029312 938030759
938035980 938041553
938041967 938042773
938045754 938046582
938050369 938051871
938061400 938064731
938068286 938085352
938087854 938096161
938115802 938124803
938168989 938170623
938171214 938176556
938177322 938182057
938232856 938233412
938249171 938252810
938254947 938259067
938370827 938371271
938371750 938373129
938418895 938421758
938425329 938426679
938430855 938431854
938434151 938436443
938501272 938503876
938597964 938609017
938620069 938623136
938629763 938630960
938634128 938634317
938636512 938643116
938650871 938663331
938663917 938677201
938678708 938680220
938681540 938681661
938684218 938685003
938686353 938687318
938698765 938699323
938703016 938703131
938752801 938759032
938759810 938766769
938767269 938767965
938768772 938772062
938774560 938776885
938778469 938782701
938783299 938784107
938786280 938789645
938794494 938798278
938799344 938799345
938799419 938802569
938804711 938805351
938808019 938809373
938820420 938823787
938833284 938834247
938836796 938837799
938838951 938839962
938853837 938854761
938857212 938867031
939039358 939041234
939042180 939042980
939046455 939046839
939049022 939050679
939053295 939056836
939058684 939059000
939059485 939059804
939060911 939062907
939063746 939064183
939065703 939066327
939068074 939068420
939069250 939069730
939083467 939083470
939086987 939087498
939105164 939109002
939110618 939111256
939113248 939113815
939114873 939116105
939119758 939120348
939126661 939127268
939131266 939131625
939134443 939134591
939137840 939138239
939143177 939143796
939226961 939227168
939228508 939229799
939250473 939253358
939254313 939254671
939255586 939260119
939267920 939268958
939271812 939273515
939274119 939275144
939278069 939279845
939280557 939281217
939284385 939285058
939285167 939285306
939285886 939287110
939287777 939288482
939289206 939293706
939294239 939294905
939295773 939297571
939298095 939298702
939300194 939302110
939302577 939302630
939303469 939305782
939306302 939307783
939308182 939311633
939323481 939324330
939326658 939331536
939332340 939332350
939333451 939334059
939343507 939344499
939345257 939345316
939345868 939347937
939351379 939351458
939352148 939352220
939352895 939353759
939363438 939365341
939366309 939369697
939370611 939374914
939375460 939376252
939378243 939378726
939382526 939383983
939387672 939388426
939394704 939395379
939397000 939399352
939412677 939412904
939413570 939413572
939423084 939424760
939426816 939427333
939543542 939549619
939550318 939558497
939713952 939714139
939800434 939801119
939803983 939804515
939805339 939805649
939806867 939807647
939809516 939810155
939812946 939813150
939816256 939817084
939820632 939822079
939825021 939825223
939828614 939829011
939831746 939832165
939833625 939834756
939837107 939837283
939908171 939909734
939910907 939912015
939912866 939913635
939914366 939915814
939916457 939917412
939934456 939937905
939938649 939939166
939946485 939947600
939948160 939949535
939951632 939971751
939971833 939972370
939972863 939986659
939991663 939993951
939995454 939997520
939998409 940005035
940005850 940010885
940054090 940078215
940132069 940132891
940139471 940144554
940145579 940154349
940154819 940156171
940156532 940158226
940158596 940158963
940159522 940160056
940172815 940173316
940173909 940174212
940175483 940176059
940178217 940178656
940182253 940183338
940191645 940192071
940211920 940212346
940216082 940216711
940219348 940219891
940220920 940221840
940222730 940222892
940232098 940233039
940233446 940233564
940235955 940236639
940238652 940239887
940241448 940242216
940244465 940244867
940245671 940246424
940249781 940250148
940252300 940252985
940267846 940268208
940530522 940530753
940534854 940557107
940559639 940561890
940562500 940566869
940568169 940571850
940572921 940576284
940594508 940596244
940604002 940605053
941081250 941081567
941082827 941084429
941085013 941085944
941086531 941087104
941093789 941094119
941095201 941096778
941097397 941097651
941098054 941098617
941099998 941100572
941101710 941102414
941103561 941104214
941106222 941106386
941107637 941108628
941113351 941113663
941120478 941120675
941128029 941128216
941129007 941130268
941132104 941133183
941137010 941137772
941140897 941142252
941143081 941143595
941151583 941154564
941168464 941168823
941170898 941171738
941174905 941175644
941176219 941176946
941177918 941178731
941181338 941182208
941184790 941184853
941185004 941185006
941185960 941186750
941190419 941191290
941194337 941194824
941208903 941209196
941210130 941210144
941238428 941239513
941244407 941247070
941248618 941251321
941253055 941253925
941256366 941256934
941274408 941274812
941275431 941275585
941287780 941288005
941336632 941344211
941346143 941349521
941353503 941365018
941366672 941372374
941377942 941378600
941379861 941382563
941417081 941417174
941417633 941421099
941425135 941426878
941427455 941429102
941437278 941439078
941446323 941448340
941449164 941450592
941451245 941452191
941502583 941502890
941505841 941507888
941510091 941511938
941515078 941515314
941522819 941523951
941692252 941694119
941698143 941698690
941703280 941703434
941703879 941704243
941707434 941708960
941710445 941710810
941711295 941712485
941713141 941713727
941714568 941715863
941716447 941716449
941716516 941716579
941719515 941719886
941729834 941729905
941731379 941731628
941743325 941743391
941765295 941765323
941765935 941766007
941770670 941770698
941774138 941774424
942197140 942197431
942197484 942197501
942197553 942197577
942197709 942198479
942199089 942199182
942199670 942201217
942204139 942206363
942207291 942208714
942210317 942210886
942212032 942213330
942217947 942218339
942219836 942231030
942234768 942238309
942268509 942268626
942272234 942272674
942274856 942275846
942278336 942281502
942282370 942283941
942285140 942287482
942289391 942291717
942293203 942296406
942297595 942297854
942298558 942299088
942303214 942309700
942310248 942316874
942318324 942327388
942330132 942330363
942331426 942332456
942333393 942336186
942337150 942341255
942341649 942342065
942343088 942343238
942346580 942353299
942354258 942354266
942356963 942361805
942363882 942363887
942364472 942377231
942385942 942409267
942410068 942411320
942413121 942413224
942414536 942415390
942455411 942455601
942458537 942458804
942460222 942460903
942462549 942463530
942464764 942464922
942488996 942489118
942489979 942490413
942491869 942492832
942494670 942494899
942496412 942496693
942571867 942571972
942573086 942573577
942575541 942575640
942585112 942585946
942658869 942660388
942661474 942661503
942661561 942661773
942661813 942661844
942662087 942662149
942662421 942664308
942664591 942665911
942666779 942667460
942668904 942669401
942733339 942733727
942734213 942734844
942735307 942735631
942736026 942736819
942737623 942737625
942737722 942738008
942738436 942739045
942739548 942740026
942740523 942741295
942741813 942742462
942743020 942743528
942746197 942746201
942746283 942746301
942746388 942746396
942746550 942746637
942746688 942746692
942747242 942748007
942748704 942749083
942749126 942749141
942751260 942751640
942752270 942752282
942754534 942754736
942798616 942798832
942801048 942803517
942810518 942812249
942812955 942814672
942815527 942818151
942818956 942820560
942821321 942824052
942824903 942826372
942830360 942830380
942830935 942831934
942832642 942832651
942832690 942832695
942832826 942832828
942832845 942832861
942834546 942834765
942836300 942836760
942837825 942837931
942838810 942839353
942840621 942840866
942842192 942842576
942848477 942848534
942958957 942959363
942963398 942964188
942968992 942969443
942976578 942976881
942977515 942977576
942979026 942979550
942982081 942988310
942989510 942991994
942995412 942995632
942995679 942995780
942997671 942997698
942999006 943001823
943004814 943007689
943007871 943009452
943011698 943015978
943017945 943018651
943019680 943021038
943021686 943021950
943033219 943034559
943040960 943041509
943042187 943042772
943044909 943045040
943045627 943046096
943046658 943047034
943049450 943050495
943051093 943058082
943061975 943073081
943076802 943098385
943099882 943102457
943295547 943295857
943306649 943308110
943310686 943311131
943315560 943315927
943316739 943318235
943318643 943318815
943320355 943327007
943327849 943330618
943331291 943334758
943335265 943337165
943338688 943338749
943342276 943345550
943349649 943352831
943354599 943356400
943357650 943361710
943363079 943363089
943380689 943380997
943387834 943388240
943389667 943389791
943395279 943395693
943398513 943398801
943400405 943401024
943404911 943410158
943412919 943413605
943414256 943424700
943427119 943430652
943435317 943436100
943438345 943440795
943444537 943446916
943466491 943469215
943469927 943469974
943473699 943476815
943476977 943485617
943487118 943500018
943503342 943509707
943510098 943512546
943512970 943515032
943515624 943519449
943520181 943522196
943524736 943527295
943529578 943530879
943532206 943532934
943581959 943586894
943588248 943590797
943592837 943593463
943595302 943595828
943599779 943601965
943603124 943604128
943606170 943606625
943607558 943608445
943610698 943618719
943620910 943622402
943623162 943623779
943627684 943627829
943973209 943973674
943977033 943977762
943980402 943981780
943982744 943983185
943985003 943985589
943988807 943990017
943994908 943995951
944073142 944075564
944076748 944077046
944078186 944078453
944085058 944086094
944088000 944088525
944088935 944089539
944091477 944092330
944094032 944094376
944096495 944096980
944101122 944101962
944105262 944105281
944105309 944105312
944105347 944105352
944105935 944106024
944110749 944111153
944112250 944117141
944117794 944118796
944120261 944120448
944121865 944122110
944123322 944124482
944125427 944125431
944125459 944126211
944178927 944178954
944186658 944187852
944191754 944194156
944194981 944195180
944196059 944196325
944197199 944197899
944198792 944199747
944200359 944202703
944206059 944207264
944210389 944213832
944215060 944215882
944217539 944220033
944226836 944227127
944228574 944229199
944230921 944232074
944236765 944236953
944239330 944240217
944241522 944241662
944242307 944243961
944247204 944247260
944247994 944248769
944249734 944250159
944252326 944252355
944253002 944254068
944255332 944257708
944259448 944261302
944262095 944267633
944270686 944271567
944272974 944273504
944274181 944275997
944276607 944277828
944279005 944280095
944284943 944287498
944288647 944290160
944292878 944292998
944293669 944293907
944294833 944295174
944297324 944298605
944299287 944299767
944301141 944301594
944303475 944303564
944304730 944304766
944311383 944311861
944611461 944612057
944620780 944621221
944622021 944622425
944623469 944623796
944626566 944630101
944631813 944633147
944634318 944635411
944642492 944644430
944645059 944646814
944662571 944663756
944666033 944666883
944667388 944669161
944670044 944670240
944671082 944671496
944688207 944689706
944692169 944693323
944694082 944694593
944696281 944699873
944702721 944706164
944707556 944712562
944724754 944725094
944731294 944746875
944747291 944748009
944762241 944764872
944765423 944767936
944768994 944769756
944771613 944772023
944773433 944773497
944775605 944775954
944776524 944803991
944806455 944808121
944814359 944819686
944823318 944824511
944825369 944829807
944831408 944832426
944833014 944837016
944837579 944837768
944839778 944839792
944853854 944854647
944854915 944855671
944859644 944863660
944867044 944867074
944868337 944868567
944876173 944883376
944886043 944899277
944952966 944953382
944953457 944954326
944958148 944961050
944963360 944963778
944966476 944968099
944968666 944968748
944968803 944969067
944969120 944973930
944975498 945002382
945004079 945009219
945019082 945020417
945030252 945032489
945034449 945035312
945036592 945036843
945038173 945039199
945039315 945039847
945040985 945041296
945044497 945049798
945054417 945056611
945057101 945084263
945085689 945087865
945088951 945095495
945102675 945104189
945105537 945109855
945121715 945124188
945131483 945131719
945134298 945135260
945149425 945151249
945152751 945152923
945154476 945155319
945156814 945156871
945158205 945158865
945243366 945249361
945252716 945253477
945254731 945263735
945273923 945275269
945276651 945285010
945288049 945288622
945292583 945302089
945311234 945346087
945347355 945357357
945357846 945377249
945381006 945386960
945388591 945390616
945392247 945414425
945414644 945429106
945438966 945444608
945447216 945448283
945452106 945458825
945468842 945480182
945480668 945483780
945489587 945491028
945496563 945497988
945498591 945508971
945514448 945522722
945523800 945527118
945583284 945588254
945588800 945589172
945594394 945607496
945610103 945613693
945637588 945642273
945643809 945649445
945655251 945669864
945671933 945673554
945676390 945681282
945829191 945830753
945833072 945843357
945845664 945852545
945854238 945870402
945872875 945873469
945875285 945878131
945879828 945881981
945883012 945904366
945909396 945919103
945922751 945937031
945937575 945950806
945951667 945964572
945966285 945976440
945980215 945986645
945986746 945995029
945997166 945997793
945999544 946015582
946017774 946038973
946040669 946056000
946059034 946059550
946060313 946060882
946061994 946062174
946063370 946064629
946065709 946067032
946068349 946068806
946069450 946072078
946073357 946075548
946076460 946086263
946087581 946088558
946092799 946097707
946098290 946109703
946110348 946112015
946112039 946112438
946116805 946116811
946118545 946128569
946134779 946137551
946146741 946146941
946149910 946150483
946152909 946154403
946155437 946156435
946157853 946163966
946164714 946166497
946173418 946173984
946175375 946179619
946180908 946187467
946191359 946200339
946201458 946201621
946204624 946208091
946208843 946209440
946211432 946212930
946263331 946263484
946264370 946265876
946271834 946272016
946273009 946274072
946278277 946279964
946283683 946284177
946285641 946285793
946311347 946311353
946314602 946314840
946335952 946336154
946341273 946351811
946356479 946360633
946362652 946369162
946372854 946374337
946378754 946382643
946395595 946396763
946400173 946404989
946412312 946412971
946413068 946413589
946415770 946422998
946427047 946436310
946439489 946447006
946457753 946457944
946462986 946471011
946495349 946515184
946518234 946523277
946528052 946548501
946552157 946557712
946559688 946578557
946580738 946586820
946591862 946592349
946612449 946622012
946623931 946629729
946630245 946635405
946642518 946643383
946647752 946650432
946654066 946655299
946658932 946659838
946660677 946662270
946663746 946664575
946669505 946671170
946674008 946675814
946678232 946679686
946680407 946683176
946684077 946684725
946688148 946688505
946693053 946701498
946715946 946716649
946717520 946722658
946729604 946729765
946770079 946771256
946776739 946778006
946778035 946799031
946802877 946814062
946816928 946818946
946823971 946824770
946830704 946831049
946832775 946832808
946838660 946839883
946845091 946846284
946847415 946847615
946852198 946855058
946858213 946858609
946859170 946863855
946863883 946868814
946869580 946870392
946871424 946871931
946872031 946872536
946872639 946903236
946905260 946909297
946918503 946919136
946920330 946920523
946922189 946923152
946974799 946975600
946976851 946984703
946986454 946986878
946987715 946994768
946995332 946995544
947001224 947001773
947025693 947026978
947027708 947045834
947054345 947054822
947062649 947067686
947069003 947069056
947070032 947072479
947073606 947073721
947074093 947084123
947089382 947093015
947097823 947100296
947103418 947109226
947111560 947118577
947135192 947137741
947140376 947172491
947174196 947176449
947178089 947198810
947210536 947220921
947222676 947222749
947224413 947225172
947228635 947234365
947243591 947248475
947249355 947250569
947253372 947254661
947294900 947297162
947303379 947314985
947317193 947317338
947323611 947331243
948540482 948540581
948544227 948544281
948547923 948548621
948740919 948743244
949008598 949020449
949050417 949054594
949055795 949057744
949060305 949063304
949068025 949073307
949073475 949075870
949122503 949133516
949137090 949144879
949147849 949150703
949298055 949298096
949303943 949305079
949309491 949310950
949312203 949313367
949317318 949317954
949319178 949320976
949324603 949325334
949327453 949329082
949389831 949394597
949398285 949398376
949398590 949404550
949405589 949405729
949407153 949407236
949407700 949409279
949409700 949415321
949475716 949480353
949483872 949488134
949488995 949493148
949493886 949496096
949497321 949504650
949506284 949507013
949509167 949510099
949512446 949512749
949514288 949515838
949535744 949552726
949554185 949559009
949599343 949604767
949617647 949617668
949621060 949655382
949655694 949657805
949665676 949666916
949669261 949669549
949670228 949670450
949672240 949675879
949676282 949685404
949726733 949728842
949729630 949733344
949739927 949741411
949810685 949816112
949818863 949819848
949821372 949831618
949834382 949845004
949847211 949847725
949850332 949855917
949872936 949873206
949874868 949877227
949878147 949881103
949890915 949891234
949891477 949893414
949901751 949902070
949902351 949902352
949902812 949902813
949902818 949903170
949903300 949911681
949912759 949919236
949920112 949923465
949924554 949926052
949927492 949931025
949932975 949933608
949941394 949942738
949962209 949971364
949972017 949972617
949973460 949974046
949975429 949980867
949982483 949985712
949986147 949986157
949986206 949989212
949989964 949993872
949994632 949998670
950000085 950002688
950004719 950005039
950005951 950006145
950007820 950010151
950014930 950016868
950021311 950024358
950025150 950025968
950026225 950026258
950029470 950030158
950030401 950033295
950036271 950037114
950043453 950048246
950058930 950061911
950064242 950064464
950075801 950076366
950081734 950084378
950085634 950091872
950092492 950095553
950098106 950101868
950103862 950105731
950109748 950126753
950128837 950151706
950151803 950165072
950174417 950175483
950176741 950184883
950187757 950197222
950198725 950205007
950207584 950208406
950209788 950216983
950222039 950227920
950230370 950239731
950242517 950247946
950250293 950269738
950271084 950272510
950273927 950274366
950276769 950281493
950283656 950283783
950284181 950285101
950286399 950288178
950296801 950297447
950297491 950297498
950300116 950300339
950301903 950302151
950303711 950309865
950316422 950328235
950331094 950342574
950344031 950355526
950356987 950358048
950361612 950363191
950364391 950364966
950365787 950366431
950370968 950374045
950414802 950445349
950446868 950448871
950450729 950453148
950468702 950470102
950489993 950491442
950509392 950509988
950517846 950537354
950538337 950539117
950548578 950549442
950554845 950558957
950577301 950581920
950603476 950606764
950608628 950612007
950612755 950613810
950617517 950618397
950618561 950620135
950621051 950632797
950669955 950671378
950675738 950676803
950679824 950680537
950681387 950692055
950693085 950695585
950697229 950705680
950706631 950706721
950706800 950707109
950712752 950714080
950714637 950716625
950717876 950719712
950775302 950793697
950798312 950799962
950800736 950802393
950808224 950812937
950816358 950819685
950820622 950821831
950904728 950909092
950928501 950957767
950962100 950963847
950965565 950966853
951025168 951026511
951028836 951048849
951053214 951055617
951056327 951056409
951064054 951072355
951072744 951075266
951076594 951076762
951084966 951087213
951112065 951116616
951118760 951123400
951128294 951136419
951141220 951141989
951148034 951151643
951151925 951152258
951157872 951164427
951166521 951166574
951171214 951179393
951184198 951192089
951192432 951208265
951215448 951222437
951229635 951230234
951233490 951238474
951238704 951244912
951246163 951250175
951269918 951278179
951278403 951279547
951280074 951288343
951321159 951321532
951326019 951327841
951328517 951329722
951342537 951343097
951343788 951343944
951347776 951348362
951351989 951353471
951355513 951367337
951368085 951371217
951372108 951392340
951400086 951408778
951409995 951412558
951417656 951420010
951420416 951422223
951423167 951434029
951437227 951442744
951442928 951447498
951449877 951481238
951487222 951488080
951491361 951505864
951507860 951508531
951515291 951519552
951519616 951520052
951614421 951621758
951623129 951624600
951634380 951635632
951637114 951648485
951652071 951656484
951659935 951661444
951672374 951674711
951683725 951686895
951688819 951689796
951694371 951696361
951696712 951697943
951710127 951711250
951713631 951723121
951727386 951740704
951744254 951747342
951762129 951766126
951785793 951787748
951788071 951790456
951791764 951792062
951794784 951796082
951798533 951800409
951800590 951808638
951810499 951812428
951816511 951816795
951824431 951825649
951851380 951853899
951855311 951855609
951858611 951859684
951861794 951861857
951865166 951874285
951874429 951874469
951874634 951877602
951877931 951887518
951890691 951892153
951895268 951900532
951902627 951912711
951917697 951918158
951920193 951920872
951926885 951929511
951957137 951957377
951959638 951963126
951963321 951967093
951968534 951971832
951972148 951978977
951986324 951989011
951989257 951995676
951998816 952000458
952002316 952007019
952041015 952045071
952045276 952050789
952052106 952053584
952066259 952066810
952068513 952072570
952076792 952077536
952079929 952083833
952086337 952089463
952135714 952136806
952136932 952142445
952146750 952161125
952164359 952173102
952236021 952237327
952244839 952247485
952253837 952258137
952261575 952261956
952273431 952273571
952294314 952294441
952303710 952306318
952311863 952322154
952325133 952327965
952328587 952329428
952330129 952336964
952345876 952346869
952348510 952353543
952383872 952383898
952384056 952385135
952385650 952386001
952388489 952389513
952390541 952394128
952394363 952394677
952396065 952396846
952397744 952397828
952399883 952404975
952407809 952412529
952414018 952417418
952418417 952418968
952419305 952419868
952420069 952420798
952431214 952431967
952433421 952438356
952439810 952448608
952450101 952451794
952460061 952461222
952480932 952482513
952499821 952513182
952517590 952520280
952522276 952526189
952545961 952553545
952556487 952566160
952599863 952601556
952603580 952607326
952609656 952614833
952617757 952628926
952639982 952641068
952643611 952657477
952675980 952682234
952686265 952687737
952695103 952699212
952727308 952729507
952730192 952732082
952733312 952737930
952740079 952742132
952759251 952765972
952775098 952775108
952777033 952778241
952807342 952816693
952817422 952821905
952823743 952825877
952833746 952838777
952846119 952865513
952868525 952872302
952889743 952890514
952893912 952898883
952903431 952923491
952927178 952934726
952934799 952947225
952951501 952952390
952959672 952964046
952967822 952974354
952988414 953016177
953021644 953032593
953036319 953041932
953041995 953042018
953043113 953043261
953044165 953044744
953072633 953072884
953075613 953076250
953079031 953087975
953088397 953097116
953100702 953102649
953104822 953115943
953126700 953129616
953139064 953141283
953147533 953153539
953155477 953155924
953157362 953157580
953162233 953181083
953189566 953192904
953236734 953239545
953240934 953244474
953270745 953290311
953296469 953303572
953308152 953311277
953312207 953313066
953317079 953320811
953322199 953322418
953323135 953323379
953325387 953325445
953326312 953335685
953339255 953366652
953373572 953381880
953412555 953420340
953421271 953427112
953432114 953443421
953444712 953445292
953448481 953461554
953466380 953469494
953474020 953478903
953480693 953485103
953487077 953491089
953498682 953505629
953515181 953550356
953557887 953561452
953565028 953575368
953576886 953576893
953578036 953581708
953594006 953596022
953616541 953616785
953616925 953616926
953616941 953626869
953628882 953630152
953632591 953633836
953635528 953635925
953637441 953641581
953647123 953651107
953652548 953653796
953670172 953670477
953672117 953674630
953677854 953686249
953687731 953720156
953723264 953736300
953737649 953743987
953744322 953744472
953747723 953754992
953757065 953768727
953778450 953796290
953803579 953821516
953826913 953833712
953834654 953835689
953839193 953841722
953846131 953846723
953876264 953876297
953876314 953898197
953942055 953946846
953949192 953965841
953978947 953980441
953981321 953981335
954024605 954025319
954032920 954053209
954057145 954072960
954096392 954096480
954103128 954113354
954114426 954145426
954150216 954150267
954150641 954151225
954152113 954159230
954181771 954184871
954186170 954191253
954191619 954192129
954192430 954193856
954194649 954198559
954199957 954235300
954238847 954241974
954245154 954245618
954248876 954252520
954258949 954261287
954264341 954267122
954268966 954269930
954281985 954283580
954308412 954308759
954311077 954314026
954323268 954329440
954331461 954337780
954337971 954342905
954345357 954347201
954350317 954354258
954357623 954365787
954366832 954368417
954370689 954370713
954374513 954386373
954394278 954398980
954401111 954401392
954408151 954415290
954419156 954424711
954425086 954432986
954434094 954436566
954439391 954440068
954441583 954443397
954445052 954448465
954449482 954455780
954481337 954482151
954487370 954493838
954495479 954496808
954497576 954498195
954498809 954498860
954560485 954571163
954571989 954577308
954581500 954584773
954585857 954590549
954652931 954652936
954655768 954662508
954672861 954680961
954686609 954689040
954704638 954705779
954706822 954709298
954710499 954713679
954753762 954754705
954755825 954757451
954763820 954765044
954766645 954766775
954803909 954805342
954830637 954834319
954836735 954839463
954842034 954847789
954866631 954868614
954869119 954872283
954874200 954883488
954916365 954922126
954923326 954932177
954933409 954935071
954939723 954942743
954951679 954957147
954975264 954975265
954975441 954978818
955013425 955014831
955034459 955035406
955082925 955086902
955088665 955090618
955094058 955098467
955102527 955107576
955113137 955113171
955131697 955131807
955131963 955132311
955183602 955187689
955187824 955190281
955194306 955199298
955332352 955334056
955335103 955337123
955337631 955337886
955337936 955350450
955351166 955352350
955353564 955355896
955365358 955366335
955368239 955369025
955374816 955375403
955375907 955376228
955382120 955383318
955383386 955383457
955383941 955384775
955425726 955435482
955436592 955439859
955441603 955447383
955448587 955454680
955457071 955459168
955470881 955475255
955475590 955480509
955482835 955486164
955486194 955486950
955488218 955489343
955497716 955507281
955509899 955509928
955510213 955511361
955512633 955520796
955645551 955647249
955647999 955660911
955664355 955673029
955674039 955683832
955685112 955685142
955685159 955690279
955693751 955695522
955695898 955696084
955697912 955699923
955700118 955700704
955701198 955705058
955705885 955706288
955706709 955708725
955710358 955711563
955716397 955719896
955719918 955725634
955732817 955733430
955738579 955740176
955743852 955750989
955753817 955765746
955775515 955783131
955786084 955786090
955786173 955790496
955794865 955795059
955795252 955796003
955797581 955798988
955800539 955801660
955843908 955848906
955852055 955862616
955864486 955864901
955866456 955869948
955871613 955883152
955886574 955888188
955890297 955902865
955922991 955924061
955925355 955928037
955937585 955937703
955937770 955949085
955951806 955965890
955969182 955971724
955974534 955978577
955998428 956000055
956001729 956006072
956006612 956014065
956014176 956016240
956016245 956017006
956018628 956024278
956026522 956028794
956032603 956053015
956056573 956057491
956070077 956072843
956075441 956077382
956088341 956093947
956095157 956095607
956099298 956107010
956109662 956112976
956114104 956119633
956121589 956122736
956124338 956130709
956131886 956133179
956133853 956133941
956135981 956141773
956145631 956150025
956192053 956195804
956196030 956202264
956203710 956205203
956207311 956222079
956223249 956224794
956226382 956229296
956230614 956240394
956240816 956261925
956264222 956270226
956270474 956273794
956295864 956299248
956301692 956309289
956310857 956312166
956312683 956314437
956316992 956318593
956318774 956328893
956330248 956332214
956342561 956342610
956344692 956348396
956368202 956373877
956382841 956382862
956383314 956389293
956389587 956394566
956396099 956401200
956403545 956406558
956408393 956409448
956438872 956440205
956467065 956471172
956472920 956473868
956491465 956491556
956491906 956497586
956498651 956504316
956504902 956505694
956510572 956511995
956514756 956524834
956534249 956534557
956541135 956542314
956558820 956576273
956576829 956577033
956580207 956591339
956600136 956605065
956619520 956619636
956680494 956681318
956682539 956682851
956685767 956687889
956693483 956693603
956695034 956701925
956704117 956704756
956722811 956723822
956731032 956732683
956734992 956751310
956754457 956773087
956775615 956780772
956821566 956831613
956834947 956838800
956840347 956847972
956849537 956857182
956866838 956868075
956870342 956870695
956872349 956876291
956878739 956884125
956889608 956898032
956902180 956903871
956906071 956909965
956919553 956920301
956984558 956988705
956991372 956997094
956997765 956999219
957003737 957008022
957011934 957013422
957045170 957049283
957053629 957059247
957063549 957071895
957074560 957076998
957078168 957078264
957080476 957092706
957094352 957101064
957105741 957106576
957110208 957111400
957116417 957116539
957124728 957129416
957131141 957133177
957160767 957176427
957179022 957179315
957180658 957181211
957187071 957190821
957191102 957195470
957196610 957199287
957200086 957204846
957207302 957209971
957211033 957214655
957247016 957249377
957250491 957269833
957272389 957279768
957292931 957293080
957294895 957295362
957296480 957297903
957299905 957302618
957333559 957334670
957335143 957342516
957343684 957344415
957344468 957344963
957345060 957352170
957354972 957355090
957357380 957358383
957361500 957379335
957386592 957386824
957414702 957417089
957435574 957441264
957445564 957454879
957455243 957457886
957461163 957467293
957468932 957471142
957472306 957480207
957481821 957494073
957495560 957519866
957520152 957520668
957521296 957521531
957522548 957522551
957522584 957522865
957524970 957525405
957530142 957538495
957538727 957544410
957551235 957554959
957557818 957558620
957567771 957569374
957569460 957569623
957587773 957592642
957593071 957594929
957598100 957603094
957605489 957611017
957614214 957617396
957664437 957666454
957668969 957671189
957672063 957695607
957697149 957698104
957699515 957700339
957707675 957714670
957718342 957727958
957728976 957732465
957763816 957764241
957768856 957774668
957786846 957787960
957793899 957797315
957805440 957811214
957812051 957812705
957813845 957813959
957817454 957818042
957818837 957819251
957833074 957834394
957842569 957846532
957856582 957861990
957863139 957865630
957866568 957867020
957869508 957869679
957870674 957877772
957878836 957881922
957882826 957892267
957900371 957900924
957902440 957903055
957904077 957908822
957909801 957910495
957911221 957911518
957919514 957924167
957924635 957926968
957944355 957958443
957962069 957964658
957966332 957969340
957970025 957972726
957977815 957988023
957992387 957995685
958010627 958011364
958012911 958022724
958026278 958037803
958040365 958041763
958043233 958045220
958048536 958048579
958048750 958062242
958062819 958065905
958066900 958066991
958067879 958077646
958078592 958079253
958079824 958083004
958084611 958104176
958105517 958119731
958121010 958121766
958122480 958123000
958123148 958123149
958123590 958123815
958126114 958129676
958139084 958141761
958142364 958146287
958147221 958149568
958150741 958150855
958151485 958151904
958153480 958164116
958165259 958166972
958170732 958171965
958171982 958182890
958183773 958196016
958202398 958204033
958206411 958206765
958208118 958213402
958214412 958214454
958214561 958215800
958218510 958221354
958284208 958288516
958288981 958290526
958299220 958307006
958312231 958320978
958332302 958335314
958337706 958339666
958378121 958385101
958387183 958387295
958388922 958391659
958397867 958399952
958400096 958401384
958403641 958406786
958412471 958415456
958420345 958421926
958446560 958447220
958454001 958457937
958458699 958478726
958485028 958486837
958487959 958491325
958492721 958496300
958499875 958503778
958509374 958509987
958512657 958515248
958542058 958546971
958547490 958550979
958554288 958556891
958558352 958562186
958582952 958583029
958588943 958594665
958596633 958604477
958606544 958608592
958613355 958626763
958634465 958641829
958644921 958645796
958658468 958665446
958668831 958669840
958675528 958683581
958683965 958684358
958704575 958708214
958716056 958716487
958717344 958720933
958728874 958729549
958740971 958748401
958757824 958759132
958762500 958762721
958814350 958817988
958819684 958820061
958933059 958936186
958938320 958938893
958940614 958940726
958976297 958976760
958977998 958978013
958979120 958981774
958983542 958983646
958984466 958984747
958985404 958986442
958988331 959007810
959013469 959016488
959028164 959031623
959034278 959038277
959038559 959042161
959046814 959050231
959050335 959050433
959052149 959059999
959060767 959060995
959074765 959076851
959088840 959091833
959107093 959107529
959110522 959110577
959110653 959110830
959112781 959114561
959163351 959169873
959177057 959179539
959179645 959183575
959184120 959184967
959185709 959195011
959196563 959197024
959197040 959197042
959197049 959206918
959207820 959209905
959219689 959231934
959232300 959246922
959253952 959255734
959260070 959260112
959260701 959268615
959268638 959272745
959279378 959288395
959295244 959299326
959299768 959312101
959316532 959340387
959346295 959356581
959358306 959366412
959367016 959376096
959391010 959391536
959392729 959393263
959393458 959397155
959397341 959398292
959408894 959412001
959417973 959426049
959427838 959433988
959437677 959438733
959459667 959462509
959487824 959488739
959491227 959492131
959501967 959506793
959507703 959510525
959516212 959518769
959519605 959520673
959530243 959532695
959534438 959536986
959538731 959543640
959581498 959582119
959584207 959584388
959588079 959593452
959595765 959596554
959598412 959599394
959601835 959603067
959604602 959605957
959606693 959608450
959611281 959612005
959612795 959618870
959628370 959630559
959631428 959635981
959659478 959661125
959661360 959679222
959679958 959687461
959691401 959692100
959693870 959694758
959696059 959703513
959732833 959738891
959739924 959742969
959749849 959750708
959752780 959759655
959760747 959761918
959769528 959770744
959774954 959775753
959778240 959778727
959780751 959781228
959803858 959804555
959805129 959805142
959845092 959846433
959855731 959857586
959898246 959899022
959900565 959901315
959903363 959926320
959928130 959935037
959937543 959939222
959941156 959944659
959952415 959952704
959954263 959954955
959959833 959960002
959962800 959964974
959971304 959972565
959972694 959973357
959977258 959978412
959982894 959984870
959989659 959991135
960003979 960006562
960006714 960019943
960021865 960030770
960076645 960078613
960100429 960103799
960105426 960116810
960125236 960126001
960128018 960128063
960187219 960188830
960192386 960195954
960200243 960201211
960209933 960212264
960224849 960224933
960227129 960227134
960230102 960231496
960240861 960243251
960277270 960277644
960283529 960284522
960286288 960286687
960288192 960289733
960298815 960300695
960304791 960308364
960345431 960348267
960426011 960430661
960521440 960521782
960525518 960526204
960534997 960535396
960536846 960537825
960539830 960548550
960549973 960551091
960627018 960627785
960628447 960629189
960630408 960631986
960632797 960633418
960634651 960636087
960638530 960638980
960717101 960717778
960719602 960719902
960721561 960728733
960730983 960732899
960757998 960760420
960794142 960798008
960800511 960801294
960812830 960819839
960834654 960836820
960840462 960842193
960844211 960845461
960847853 960850026
960879659 960881311
960885121 960887309
960887775 960888554
960890934 960893779
960942503 960944014
960964054 960977171
960979509 960983392
960985012 960986672
960993855 960995533
960997636 961001575
961006153 961011119
961012627 961028133
961050819 961052548
961058241 961058715
961227571 961228185
961229118 961230415
961234000 961238611
961312569 961314903
961315746 961317063
961317785 961319290
961319962 961320036
961320800 961320900
961321552 961321691
961322335 961325882
961327423 961330384
961331354 961332604
961333235 961334692
961338021 961338147
961341528 961342238
961344229 961344848
961406170 961414759
961416016 961416348
961417447 961418382
961421140 961423167
961425311 961427209
961429132 961431066
961440442 961442699
961480002 961480564
961482706 961494803
961496408 961497817
961501738 961501975
961502040 961502683
961502865 961507437
961509820 961510215
961515804 961516436
961521270 961522778
961524606 961525653
961527557 961527664
961528948 961529714
961530776 961530949
961534027 961535820
961537381 961538823
961539617 961556248
961559720 961566220
961576273 961582267
961585019 961589261
961597857 961603580
961605811 961605991
961607878 961610898
961614042 961615982
961617672 961635194
961657568 961659252
961661612 961664965
961669268 961676174
961681424 961683052
961684473 961692756
961694870 961698017
961699890 961700005
961701428 961705166
961739652 961742464
961745524 961751306
961754202 961757535
961760097 961762468
961765420 961766299
961767799 961768037
961768876 961769168
961770098 961770389
961770415 961770906
961827382 961827833
961835601 961837592
961837626 961838456
961840192 961842346
961842984 961842985
961843639 961847069
961847816 961848159
961850166 961850397
961910673 961916431
961917900 961917999
961929810 961935838
961936789 961937008
961937061 961937440
961937504 961938776
961947076 961947490
961948725 961949677
961954162 961956777
961958086 961959590
961995751 962002230
962006244 962008499
962010436 962021236
962023656 962031051
962033276 962040501
962080540 962089204
962093623 962098630
962099958 962101790
962103136 962116378
962118349 962118470
962119811 962119875
962120399 962122735
962123267 962123515
962218902 962223537
962251224 962254439
962254788 962255050
962256815 962264100
962266918 962276944
962278804 962280402
962281237 962282792
962283347 962284266
962291609 962295468
962304184 962307252
962308779 962310033
962314608 962315342
962344524 962358195
962360660 962363372
962366582 962381253
962381822 962382067
962383163 962394362
962394402 962394409
962394516 962405586
962412915 962415674
962430175 962431789
962457950 962459646
962484633 962485503
962515135 962532534
962533929 962535885
962537826 962540268
962546096 962546669
962550125 962550163
962554098 962555359
962558740 962562648
962565880 962567232
962572167 962574201
962604338 962608221
962609752 962622842
962623626 962624047
962624809 962625908
962626757 962630392
962633084 962634145
962641861 962643563
962644366 962644427
962644941 962645457
962647169 962651041
962653899 962655104
962697963 962706838
962708981 962709494
962710538 962710712
962712270 962717372
962718383 962726557
962728666 962729250
962730436 962731234
962731781 962731904
962732872 962738348
962738663 962738949
962739101 962743309
962745566 962749301
962752294 962753025
962773417 962773640
962778633 962786982
962788610 962798212
962799695 962799806
962809067 962809567
962810326 962812099
962813606 962814208
962816372 962818100
962820152 962828150
962832236 962832238
962832261 962835260
962835422 962842668
962846871 962847205
962856735 962859472
962861391 962881337
962882799 962889024
962892690 962894593
962897630 962910350
962914183 962926576
962949992 962953659
962959502 962967239
963006913 963009807
963037411 963048888
963049561 963052214
963206222 963216443
963219293 963226378
963228893 963229675
963232467 963232526
963233965 963235506
963236714 963237004
963238420 963241379
963244299 963245103
963249966 963250434
963255634 963255949
963257487 963258562
963261349 963262351
963263014 963268624
963268674 963271539
963276272 963276540
963276579 963276583
963276599 963286102
963299807 963302281
963305861 963306251
963307497 963313143
963315148 963316159
963324299 963326109
963341015 963341513
963343238 963349073
963349360 963349431
963353884 963361880
963363463 963366144
963366187 963366189
963366395 963367645
963367825 963373709
963376790 963384653
963385329 963404072
963408931 963422625
963425450 963459612
963460263 963468215
963485876 963489541
963493355 963493933
963516338 963518101
963579544 963581496
963587499 963587571
963608140 963609524
963610516 963616522
963617625 963619463
963620656 963629371
963630008 963654528
963713189 963713224
963735972 963744194
963744929 963745215
963745886 963745933
963748748 963749115
963758567 963758984
963761604 963762834
963765865 963767015
963800396 963800721
963810232 963811046
963815495 963817281
963819355 963819667
963821055 963824376
963825058 963829255
963830679 963832870
963833494 963837025
963837936 963838768
963842775 963842999
963845852 963846407
963897626 963901319
963901758 963902480
963908762 963916872
963929062 963929655
963933675 963934286
963939072 963939281
963940366 963940707
963941310 963942113
963942662 963942850
963945075 963945438
963978154 964000429
964001388 964003179
964004862 964006121
964007301 964009357
964010954 964013051
964015112 964016737
964017351 964025864
964025964 964028921
964032622 964033831
964036809 964043823
964044689 964050221
964050742 964051926
964051964 964051966
964051982 964058096
964060171 964083193
964083952 964090518
964091107 964093229
964095645 964114413
964115834 964145214
964147407 964149557
964150417 964152636
964153943 964169151
964172581 964178661
964181379 964182416
964183609 964187541
964189252 964191648
964192888 964196848
964197037 964197309
964203653 964204274
964205805 964208720
964210060 964220898
964225684 964232507
964233015 964259478
964260354 964262672
964264348 964264872
964266901 964267003
964268944 964268964
964315151 964318016
964318957 964320331
964323231 964323989
964325017 964329114
964330525 964343149
964401260 964404434
964405223 964408210
964409043 964411171
964411953 964412236
964414280 964437100
964440480 964440725
964442950 964443159
964445470 964446116
964448857 964448919
964452644 964465936
964469181 964473856
964477933 964480282
964486806 964488866
964509216 964510415
964512146 964517275
964518411 964522248
964524534 964526144
964533955 964563815
964565656 964574413
964574965 964583390
964583415 964596872
964601408 964605413
964607360 964613441
964614103 964615349
964618458 964620175
964620669 964630146
964631348 964631496
964631540 964631543
964631564 964631617
964634737 964639284
964640820 964654966
964655197 964667607
964668417 964671078
964671969 964673539
964673555 964680805
964681456 964706505
964706997 964710292
964710968 964723914
964726450 964726657
964728589 964742183
964743463 964758895
964761131 964782334
964786145 964790125
964790835 964791654
964792305 964797320
964801347 964801455
964801552 964811166
964813152 964815574
964818291 964819469
964819549 964822207
964822247 964826081
964829879 964831988
964832034 964836134
964836622 964868340
964871791 964871823
964872417 964875393
964908968 964919851
964920020 964933211
964934695 964947802
964948894 964955099
964955822 964955888
964956660 964959048
964990745 964993780
965043531 965044617
965047486 965050155
965052384 965053511
965060380 965060905
965064004 965070826
965073213 965085309
965106489 965125891
965127908 965129053
965131010 965131535
965133977 965136389
965137207 965142265
965143104 965144305
965146355 965148320
965504788 965508638
965529827 965533752
965541133 965545820
965546074 965547885
965549247 965553144
965553527 965561063
965565590 965583892
965584699 965586941
965589275 965594467
965596365 965601213
965602329 965637589
965640858 965641827
965645826 965649664
965663327 965666564
965673037 965673312
965675528 965681003
965694220 965694784
965700254 965706291
965706348 965706445
965709508 965709689
965709856 965715531
965717145 965718404
965721980 965725204
965726127 965728855
965729773 965732212
965734251 965740759
965744856 965746562
965746646 965750745
965754531 965761066
965762101 965763830
965768076 965770367
965781808 965797299
965797779 965807061
965812412 965822983
965825769 965827041
965829391 965830948
965832600 965835264
965836828 965862323
965869674 965874012
965876809 965903882
965906153 965916634
965918489 965918727
965920980 965921245
965923553 965944757
965959324 965965906
965967787 965969427
965971942 965984648
965984827 965991899
965992451 965995641
965997554 965999254
966000758 966000769
966002255 966018199
966018839 966019150
966020821 966021772
966022486 966023279
966055558 966080606
966082620 966086190
966119231 966120961
966121282 966130195
966131106 966136221
966138174 966170198
966171589 966172427
966172880 966174882
966176642 966184914
966194457 966196255
966198259 966207130
966207784 966209346
966211285 966216644
966217200 966220703
966220908 966255014
966255918 966255997
966256586 966264557
966267270 966280755
966284394 966286874
966305401 966308421
966311909 966340568
966342853 966343374
966344913 966348052
966350853 966357517
966358532 966358692
966360378 966365102
966369561 966371341
966388140 966403443
966403812 966414867
966416641 966428268
966429807 966433729
966441389 966443729
966445581 966451655
966454978 966455343
966457135 966457137
966460486 966467685
966472392 966490668
966493081 966494225
966495241 966505527
966507409 966518169
966519980 966531806
966533602 966533678
966534923 966541760
966542909 966550278
966551748 966554687
966568416 966576308
966576435 966600463
966605136 966613786
966616104 966618089
966619319 966630232
966633730 966637431
966642146 966643456
966644057 966651421
966657442 966686555
966687808 966687969
966723378 966725430
966725716 966727740
966729881 966730037
966731275 966772315
966774212 966776127
966776175 966776711
966779323 966779966
966782217 966783238
966785151 966792749
966793488 966794207
966795341 966796677
966803258 966804650
966814085 966815698
966816179 966824245
966824657 966864292
966865933 966871178
966872466 966879107
966880254 966889521
966912834 966916658
966920757 966945729
966947549 966948063
966949344 966961083
966962013 966962024
966962063 966962066
966962093 966967678
966969606 966971469
966973218 966974574
966977392 966994037
966995186 967001514
967002238 967023288
967025906 967029331
967030518 967032070
967033145 967033910
967034912 967040537
967043001 967054549
967056247 967056675
967063849 967075805
967120817 967128856
967129630 967130809
967131969 967135517
967136702 967143342
967147000 967164305
967166369 967177676
967180901 967187719
967188531 967200106
967201703 967209397
967212738 967232366
967233946 967245873
967248009 967269441
967271201 967272412
967357045 967357522
967361430 967361630
967366781 967367479
967369771 967383299
967388167 967389444
967414776 967417004
967417191 967417258
967418918 967471598
967476197 967476277
967478463 967486812
967663096 967663714
967668392 967679994
967704535 967731427
967733653 967742073
967749348 967759439
967762112 967762205
967764815 967766523
967771817 967776245
967778385 967789881
967790621 967813325
967815623 967816864
967820168 967827277
967829196 967832904
967834564 967835614
967837483 967845900
967848140 967850707
967853803 967877896
967880357 967885463
967889388 967889497
967891699 967893514
967895471 967895831
967897568 967898315
967930478 967931467
967946924 967951149
967953605 967962066
967962577 967981906
967988776 967998586
967999123 968004056
968005742 968016905
968020385 968024633
968024819 968029059
968031954 968032032
968035241 968037555
968042392 968042476
968049156 968053722
968062582 968065692
968067164 968067428
968073269 968075457
968098510 968099350
968101272 968106400
968261889 968264704
968264896 968267933
968279879 968282906
968286821 968287027
968293822 968312921
968315002 968336420
968339382 968351271
968351974 968352769
968355500 968356337
968356625 968356975
968385178 968392753
968394475 968398052
968399606 968411247
968411871 968414648
968416615 968423667
968426364 968426372
968426453 968431498
968432705 968433716
968435103 968436730
968436964 968450651
968453365 968454442
968456456 968459018
968463190 968463308
968469840 968489501
968490873 968492382
968495044 968495266
968559470 968560658
968564839 968564854
968564990 968566332
968571186 968572468
968576594 968581948
968582087 968587822
968589426 968596618
968605094 968606315
968607255 968607619
968609629 968609944
968613339 968614108
968617898 968624002
968626943 968630179
968632249 968634911
968638548 968641010
968642871 968644430
968646220 968675387
968676835 968679443
968680215 968681205
968686357 968686575
968688905 968690950
968693321 968694106
968694718 968699812
968701111 968713996
968719346 968722061
968722545 968726671
968727598 968755001
968757039 968758187
968759038 968759077
968760025 968761776
968762623 968764756
968765758 968766258
968767668 968773750
968773778 968778123
968780608 968786178
968796318 968801463
968801492 968803973
968805946 968814378
968815379 968818538
968819847 968827362
968828563 968829116
968832459 968835321
968836665 968839697
968840429 968848117
968849702 968849736
968850463 968851541
968852512 968856737
968858460 968860709
968862335 968873476
968874869 968874963
968876500 968878816
968878834 968878936
968879583 968879685
968880345 968902181
968903131 968907152
968908344 968908898
968910200 968913079
968914368 968917089
968918238 968927975
968928769 968930369
968931621 968936436
968937379 968938063
968939017 968949287
968952497 968952832
968953452 968955444
968957054 968959255
968962772 968963872
968965334 968973466
968973754 968978831
968982139 968982161
968984049 968985378
968986076 968987082
968988197 968990857
968992828 968997887
969004524 969019228
969020001 969023474
969024570 969027670
969028336 969030884
969031793 969035321
969035858 969042931
969044519 969045160
969049007 969049366
969058001 969058050
969062862 969065629
969066297 969072230
969072893 969104552
969107599 969110311
969139130 969144098
969144595 969153218
969176466 969178308
969179808 969181490
969186444 969188746
969191179 969193167
969247966 969255364
969258313 969259442
969261439 969278943
969283397 969288262
969290995 969292406
969292526 969292958
969329654 969329869
969332929 969343665
969345262 969376438
969378542 969380039
969382579 969383867
969383938 969387522
969389217 969390753
969393044 969408586
969410314 969424040
969425872 969451903
969457185 969458352
969459355 969493263
969494040 969506077
969508725 969517829
969526275 969539217
969544984 969556008
969558326 969561322
969563467 969563680
969565506 969572105
969576461 969582428
969586001 969589775
969590440 969629084
969636722 969640419
969640579 969649921
969650741 969652528
969658202 969669753
969670409 969670790
969670977 969678172
969681562 969713812
969747731 969749242
969750734 969753956
969758482 969760438
969761179 969773038
969781218 969792873
969794909 969798804
969806467 969810892
969812309 969812529
969813670 969814652
969816076 969816642
969835028 969837067
969839599 969842573
969849919 969854687
969855419 969871377
969872854 969883544
969885454 969888023
969888750 969889407
969890379 969890858
969890931 969893143
969895912 969906694
969920141 969924690
969925482 969928071
969931843 969932197
969935766 969936274
969938509 969939199
969940229 969940794
969942006 969942985
969943909 969944071
969944718 969949091
969950405 969952029
969952864 969953796
969954543 969958488
969962334 969962401
969963994 969964326
969965152 969974308
969974571 969979534
969985191 970006454
970007824 970008236
970009763 970010076
970013215 970013689
970015526 970015977
970032596 970035605
970037056 970037530
970039388 970041257
970042980 970048303
970048830 970051677
970052731 970053358
970055939 970056524
970059229 970059870
970060819 970060898
970062967 970063311
970065516 970065986
970079365 970084305
970085607 970086060
970086238 970090176
970091735 970093192
970100690 970134243
970137093 970144864
970150347 970168282
970171022 970188688
970190537 970207203
970208876 970210119
970211832 970219942
970221002 970227412
970230445 970234916
970242799 970248863
970296010 970306390
970309583 970319327
970375709 970376463
970377488 970379983
970387059 970397256
970398564 970405902
970406244 970408161
970408399 970411305
970412781 970412980
970415821 970417458
970419465 970420108
970421809 970421813
970460478 970463303
970465974 970474722
970489242 970492284
970496463 970497253
970596480 970598507
970636027 970670056
970675820 970682398
970683027 970683779
970683812 970683815
970683851 970683917
970695724 970696775
970715552 970717706
970724199 970724791
970731804 970758175
970760237 970763211
970763784 970777693
970780178 970787993
970789463 970804460
970808494 970827438
970843369 970848686
970891547 970900379
970902319 970922784
970958958 970961689
970970428 970971363
970973469 971002362
971004792 971014194
971026186 971030348
971070670 971075738
971075897 971084705
971085391 971096324
971114263 971114327
971148838 971172026
971175352 971175643
971176298 971178585
971181822 971182120
971183474 971185251
971187089 971187281
971187383 971187568
971234972 971235740
971236637 971241018
971244991 971246743
971249658 971253063
971255079 971259004
971266746 971266808
971268432 971269082
971271445 971271669
971283884 971283997
971287005 971287581
971287625 971287627
971287660 971287891
971289096 971291138
971296535 971297521
971332352 971332658
971339358 971339471
971347538 971347770
971373812 971377540
971379215 971385649
971387354 971397690
971398339 971400243
971401223 971403461
971405860 971408038
971408697 971411575
971412994 971413194
971414006 971414815
971415594 971427311
971430972 971444098
971446579 971450805
971502047 971502100
971502328 971528027
971599454 971601677
971603367 971610678
971612815 971614889
