7.831795680528882146e+07
7.831795680330856144e+07
7.831795679825267196e+07
7.831795679012298584e+07
7.831795677892789245e+07
7.831795676465559006e+07
7.831795674731010199e+07
7.831795672689935565e+07
7.831795670341296494e+07
7.831795667685544491e+07
7.831795664722470939e+07
7.831795661452175677e+07
7.831795657874685526e+07
7.831795653990419209e+07
7.831795649798193574e+07
7.831795645299607515e+07
7.831795640493547916e+07
7.831795635379846394e+07
7.831795629959368706e+07
7.831795624231703579e+07
7.831795618196883798e+07
7.831795611855109036e+07
7.831795605205747485e+07
7.831795598249155283e+07
7.831795590985828638e+07
7.831795583415003121e+07
7.831795575537146628e+07
7.831795567351859808e+07
7.831795558859813213e+07
7.831795550060503185e+07
