6.547860520712964237e+07
6.547860520580337197e+07
6.547860520242099464e+07
6.547860519698253274e+07
6.547860518948926032e+07
6.547860517994580418e+07
6.547860516833967716e+07
6.547860515467894822e+07
6.547860513896442205e+07
6.547860512119559199e+07
6.547860510137127340e+07
6.547860507949130237e+07
6.547860505555658042e+07
6.547860502956441045e+07
6.547860500151828676e+07
6.547860497141906619e+07
6.547860493925773352e+07
6.547860490504848212e+07
6.547860486878211051e+07
6.547860483045864105e+07
6.547860479008033127e+07
6.547860474764738232e+07
6.547860470315826684e+07
6.547860465661386400e+07
6.547860460801825672e+07
6.547860455735944957e+07
6.547860450465314090e+07
6.547860444988625497e+07
6.547860439306713641e+07
6.547860433419349790e+07
