3.663664922335132957e+07
3.663664922249500453e+07
3.663664922030927241e+07
3.663664921679506451e+07
3.663664921195286512e+07
3.663664920578191429e+07
3.663664919828364998e+07
3.663664918945678324e+07
3.663664917930106074e+07
3.663664916781965643e+07
3.663664915500704199e+07
3.663664914086876810e+07
3.663664912539998442e+07
3.663664910860262066e+07
3.663664909048057348e+07
3.663664907102755457e+07
3.663664905024782568e+07
3.663664902813789248e+07
3.663664900470232219e+07
3.663664897993671894e+07
3.663664895384504646e+07
3.663664892642164975e+07
3.663664889767210931e+07
3.663664886759508401e+07
3.663664883618871123e+07
3.663664880345345289e+07
3.663664876939270645e+07
3.663664873400253803e+07
3.663664869728285819e+07
3.663664865923651308e+07
