7.844874416191583872e+07
7.844874416007681191e+07
7.844874415540137887e+07
7.844874414788179100e+07
7.844874413751825690e+07
7.844874412431178987e+07
7.844874410826556385e+07
7.844874408937095106e+07
7.844874406764024496e+07
7.844874404306747019e+07
7.844874401565095782e+07
7.844874398539093137e+07
7.844874395228636265e+07
7.844874391634185612e+07
7.844874387755563855e+07
7.844874383592367172e+07
7.844874379145337641e+07
7.844874374413424730e+07
7.844874369397996366e+07
7.844874364097929001e+07
7.844874358514206111e+07
7.844874352645565569e+07
7.844874346492540836e+07
7.844874340055710077e+07
7.844874333334675431e+07
7.844874326329410076e+07
7.844874319038921595e+07
7.844874311465367675e+07
7.844874303607271612e+07
7.844874295464938879e+07
