1.438432390529450029e+07
1.438432390491423011e+07
1.438432390394484624e+07
1.438432390238649398e+07
1.438432390023893863e+07
1.438432389750267006e+07
1.438432389417708665e+07
1.438432389026270434e+07
1.438432388575906120e+07
1.438432388066611253e+07
1.438432387498472631e+07
1.438432386871430464e+07
1.438432386185461655e+07
1.438432385440561175e+07
1.438432384636791795e+07
1.438432383774126694e+07
1.438432382852522470e+07
1.438432381872086227e+07
1.438432380832678825e+07
1.438432379734404758e+07
1.438432378577206656e+07
1.438432377361134440e+07
1.438432376086126454e+07
1.438432374752250127e+07
1.438432373359431140e+07
1.438432371907748654e+07
1.438432370397122763e+07
1.438432368827595189e+07
1.438432367199205607e+07
1.438432365511895530e+07
