7.846927685450600088e+07
7.846927685226935148e+07
7.846927684656931460e+07
7.846927683739773929e+07
7.846927682476013899e+07
7.846927680865494907e+07
7.846927678908738494e+07
7.846927676605327427e+07
7.846927673955492675e+07
7.846927670958542824e+07
7.846927667615501583e+07
7.846927663925497234e+07
7.846927659888656437e+07
7.846927655505569279e+07
7.846927650775958598e+07
7.846927645700295269e+07
7.846927640276661515e+07
7.846927634507361054e+07
7.846927628391270339e+07
7.846927621928521991e+07
7.846927615119387209e+07
7.846927607963266969e+07
7.846927600460937619e+07
7.846927592611631751e+07
7.846927584416025877e+07
7.846927575873596966e+07
7.846927566984188557e+07
7.846927557748547196e+07
7.846927548166151345e+07
7.846927538237923384e+07
