7.848817882134096324e+07
7.848817881740702689e+07
7.848817880738696456e+07
7.848817879129186273e+07
7.848817876910440624e+07
7.848817874082916975e+07
7.848817870647066832e+07
7.848817866602313519e+07
7.848817861949199438e+07
7.848817856687784195e+07
7.848817850817324221e+07
7.848817844338777661e+07
7.848817837251323462e+07
7.848817829555709660e+07
7.848817821250730753e+07
7.848817812337426841e+07
7.848817802816142142e+07
7.848817792685829103e+07
7.848817781946793199e+07
7.848817770599393547e+07
7.848817758643104136e+07
7.848817746078504622e+07
7.848817732905557752e+07
7.848817719123540819e+07
7.848817704733119905e+07
7.848817689734040201e+07
7.848817674126426876e+07
7.848817657910917699e+07
7.848817641085827351e+07
7.848817623652902246e+07
