7.130230348700895905e+07
7.130230348499265313e+07
7.130230347986143827e+07
7.130230347160640359e+07
7.130230346023586392e+07
7.130230344574512541e+07
7.130230342813208699e+07
7.130230340740720928e+07
7.130230338355606794e+07
7.130230335659100115e+07
7.130230332650431991e+07
7.130230329329684377e+07
7.130230325697578490e+07
7.130230321752521396e+07
7.130230317496564984e+07
7.130230312928220630e+07
7.130230308047936857e+07
7.130230302856014669e+07
7.130230297352163494e+07
7.130230291536319256e+07
7.130230285408231616e+07
7.130230278968599439e+07
7.130230272216813266e+07
7.130230265153227746e+07
7.130230257777854800e+07
7.130230250090529025e+07
7.130230242091414332e+07
7.130230233779926598e+07
7.130230225156860054e+07
7.130230216221956909e+07
