6.875575579359862208e+07
6.875575579185456038e+07
6.875575578740826249e+07
6.875575578025820851e+07
6.875575577041043341e+07
6.875575575786279142e+07
6.875575574260737002e+07
6.875575572465306520e+07
6.875575570399898291e+07
6.875575568063886464e+07
6.875575565458104014e+07
6.875575562581883371e+07
6.875575559435433149e+07
6.875575556019198895e+07
6.875575552332493663e+07
6.875575548375663161e+07
6.875575544148920476e+07
6.875575539651812613e+07
6.875575534884355962e+07
6.875575529847270250e+07
6.875575524539697170e+07
6.875575518962080777e+07
6.875575513113865256e+07
6.875575506995715201e+07
6.875575500607481599e+07
6.875575493949265778e+07
6.875575487020841241e+07
6.875575479822114110e+07
6.875575472353023291e+07
6.875575464614072442e+07
