3.951676191315997392e+07
3.951676191224490106e+07
3.951676190991522372e+07
3.951676190616742522e+07
3.951676190100458264e+07
3.951676189442554861e+07
3.951676188642774522e+07
3.951676187701487541e+07
3.951676186618785560e+07
3.951676185394093394e+07
3.951676184028026462e+07
3.951676182520322502e+07
3.951676180870921165e+07
3.951676179079795629e+07
3.951676177147149295e+07
3.951676175072975457e+07
3.951676172856983542e+07
3.951676170499377698e+07
3.951676168000131845e+07
3.951676165359300375e+07
3.951676162576990575e+07
3.951676159652764350e+07
3.951676156587223709e+07
3.951676153379688412e+07
3.951676150030753016e+07
3.951676146540134400e+07
3.951676142907913774e+07
3.951676139134005457e+07
3.951676135218551010e+07
3.951676131161354482e+07
