7.846058207280270755e+07
7.846058207120192051e+07
7.846058206711782515e+07
7.846058206055858731e+07
7.846058205151662230e+07
7.846058203999912739e+07
7.846058202599930763e+07
7.846058200951810181e+07
7.846058199055819213e+07
7.846058196911615133e+07
7.846058194519801438e+07
7.846058191879807413e+07
7.846058188991518319e+07
7.846058185855914652e+07
7.846058182472401857e+07
7.846058178840300441e+07
7.846058174960765243e+07
7.846058170833022892e+07
7.846058166456757486e+07
7.846058161833050847e+07
7.846058156961584091e+07
7.846058151841512322e+07
7.846058146474225819e+07
7.846058140858153999e+07
7.846058134994664788e+07
7.846058128882770240e+07
7.846058122523199022e+07
7.846058115915244818e+07
7.846058109059953690e+07
7.846058101956245303e+07
