7.848850125946508348e+07
7.848850125610828400e+07
7.848850124753966928e+07
7.848850123376405239e+07
7.848850121478658915e+07
7.848850119060608745e+07
7.848850116121816635e+07
7.848850112662321329e+07
7.848850108682511747e+07
7.848850104181626439e+07
7.848850099160712957e+07
7.848850093619446456e+07
7.848850087557072937e+07
7.848850080974313617e+07
7.848850073870578408e+07
7.848850066247262061e+07
7.848850058102673292e+07
7.848850049437811971e+07
7.848850040252245963e+07
7.848850030546559393e+07
7.848850020319680870e+07
7.848850009572616220e+07
7.848849998305258155e+07
7.848849986516371369e+07
7.848849974208053946e+07
7.848849961378653347e+07
7.848849948028990626e+07
7.848849934158448875e+07
7.848849919767393172e+07
7.848849904855521023e+07
