1.218859101571909338e+07
1.218859101543936692e+07
1.218859101472607628e+07
1.218859101357984915e+07
1.218859101200033538e+07
1.218859100998716243e+07
1.218859100754114799e+07
1.218859100466150232e+07
1.218859100134884380e+07
1.218859099760257825e+07
1.218859099342340603e+07
1.218859098881080374e+07
1.218859098376507498e+07
1.218859097828552686e+07
1.218859097237306647e+07
1.218859096602715738e+07
1.218859095924827456e+07
1.218859095203597099e+07
1.218859094439007342e+07
1.218859093631121144e+07
1.218859092779903859e+07
1.218859091885352880e+07
1.218859090947465599e+07
1.218859089966258965e+07
1.218859088941723853e+07
1.218859087873835303e+07
1.218859086762661487e+07
1.218859085608122684e+07
1.218859084410306998e+07
1.218859083169099502e+07
