4.218958009824541211e+07
4.218958009697339684e+07
4.218958009373171628e+07
4.218958008852290362e+07
4.218958008134451509e+07
4.218958007219547778e+07
4.218958006107860804e+07
4.218958004799211770e+07
4.218958003293422610e+07
4.218958001591043174e+07
4.218957999691701680e+07
4.218957997595343739e+07
4.218957995302273333e+07
4.218957992812085152e+07
4.218957990124955773e+07
4.218957987241013348e+07
4.218957984160220623e+07
4.218957980882224441e+07
4.218957977407489717e+07
4.218957973735829443e+07
4.218957969867295027e+07
4.218957965801737458e+07
4.218957961539410055e+07
4.218957957080077380e+07
4.218957952423892170e+07
4.218957947570841014e+07
4.218957942520781606e+07
4.218957937273789942e+07
4.218957931830096990e+07
4.218957926189088076e+07
