2.862833922962887213e+07
2.862833922878016159e+07
2.862833922661777958e+07
2.862833922314097360e+07
2.862833921834938601e+07
2.862833921224385500e+07
2.862833920482414216e+07
2.862833919609019905e+07
2.862833918604092300e+07
2.862833917467755824e+07
2.862833916200131178e+07
2.862833914800972864e+07
2.862833913270451128e+07
2.862833911608459055e+07
2.862833909815065190e+07
2.862833907890279964e+07
2.862833905834044516e+07
2.862833903646342084e+07
2.862833901327296346e+07
2.862833898876720294e+07
2.862833896294835582e+07
2.862833893581411988e+07
2.862833890736690536e+07
2.862833887760423496e+07
2.862833884652724117e+07
2.862833881413757429e+07
2.862833878043130785e+07
2.862833874541303888e+07
2.862833870907922089e+07
2.862833867143199965e+07
