7.842601359157910943e+07
7.842601359012037516e+07
7.842601358639585972e+07
7.842601358041134477e+07
7.842601357216520607e+07
7.842601356165634096e+07
7.842601354888506234e+07
7.842601353385080397e+07
7.842601351655377448e+07
7.842601349699334800e+07
7.842601347517417371e+07
7.842601345109383762e+07
7.842601342475268245e+07
7.842601339614798129e+07
7.842601336527819932e+07
7.842601333214662969e+07
7.842601329675635695e+07
7.842601325910270214e+07
7.842601321918332577e+07
7.842601317700444162e+07
7.842601313256293535e+07
7.842601308586476743e+07
7.842601303690075874e+07
7.842601298566843569e+07
7.842601293218074739e+07
7.842601287643267214e+07
7.842601281841747463e+07
7.842601275814409554e+07
7.842601269560179114e+07
7.842601263080577552e+07
