7.825958258595009148e+07
7.825958258400851488e+07
7.825958257905197144e+07
7.825958257109174132e+07
7.825958256011717021e+07
7.825958254613995552e+07
7.825958252914552391e+07
7.825958250914558768e+07
7.825958248613347113e+07
7.825958246011313796e+07
7.825958243108205497e+07
7.825958239904135466e+07
7.825958236399351060e+07
7.825958232593388855e+07
7.825958228486366570e+07
7.825958224078392982e+07
7.825958219370229542e+07
7.825958214360341430e+07
7.825958209049431980e+07
7.825958203437443078e+07
7.825958197525149584e+07
7.825958191311495006e+07
7.825958184797218442e+07
7.825958177981548011e+07
7.825958170864650607e+07
7.825958163447165489e+07
7.825958155729156733e+07
7.825958147709663212e+07
7.825958139389018714e+07
7.825958130768018961e+07
