2.522638735448389500e+07
2.522638735404195637e+07
2.522638735291615501e+07
2.522638735110606253e+07
2.522638734861348569e+07
2.522638734543551505e+07
2.522638734157351032e+07
2.522638733702759072e+07
2.522638733179832250e+07
2.522638732588451728e+07
2.522638731928685680e+07
2.522638731200507656e+07
2.522638730403943360e+07
2.522638729538904503e+07
2.522638728605654091e+07
2.522638727603831515e+07
2.522638726533677429e+07
2.522638725395034999e+07
2.522638724188132957e+07
2.522638722912719846e+07
2.522638721568936110e+07
2.522638720156775415e+07
2.522638718676224351e+07
2.522638717127196863e+07
2.522638715509882197e+07
2.522638713824052736e+07
2.522638712069969997e+07
2.522638710247278586e+07
2.522638708356348798e+07
2.522638706397021562e+07
