2.071649595415006578e+07
2.071649595359700173e+07
2.071649595218749344e+07
2.071649594992116466e+07
2.071649594679764658e+07
2.071649594281774759e+07
2.071649593798184767e+07
2.071649593228974566e+07
2.071649592574049160e+07
2.071649591833411530e+07
2.071649591007164493e+07
2.071649590095239505e+07
2.071649589097702876e+07
2.071649588014478236e+07
2.071649586845580488e+07
2.071649585591051355e+07
2.071649584250875190e+07
2.071649582824997604e+07
2.071649581313446537e+07
2.071649579716276005e+07
2.071649578033436090e+07
2.071649576264882088e+07
2.071649574410737678e+07
2.071649572470894828e+07
2.071649570445413142e+07
2.071649568334249780e+07
2.071649566137460992e+07
2.071649563855041564e+07
2.071649561486948282e+07
2.071649559033141285e+07
