2.715016077826052904e+07
2.715016077599179372e+07
2.715016077021294460e+07
2.715016076092084870e+07
2.715016074811732396e+07
2.715016073180131614e+07
2.715016071197354421e+07
2.715016068863434345e+07
2.715016066178222746e+07
2.715016063141851500e+07
2.715016059754272550e+07
2.715016056015533581e+07
2.715016051925601438e+07
2.715016047484471276e+07
2.715016042692160234e+07
2.715016037548636645e+07
2.715016032053856179e+07
2.715016026208043098e+07
2.715016020010890067e+07
2.715016013462508470e+07
2.715016006563043594e+07
2.715015999312348664e+07
2.715015991710434109e+07
2.715015983757371455e+07
2.715015975453130901e+07
2.715015966797683015e+07
2.715015957790984586e+07
2.715015948433168605e+07
2.715015938724173233e+07
2.715015928663921356e+07
