5.214746778044126183e+07
5.214746777739908546e+07
5.214746776964338869e+07
5.214746775718081743e+07
5.214746774000548571e+07
5.214746771812064946e+07
5.214746769151814282e+07
5.214746766021265835e+07
5.214746762419230491e+07
5.214746758346141875e+07
5.214746753801855445e+07
5.214746748786237836e+07
5.214746743299905956e+07
5.214746737342362106e+07
5.214746730913909525e+07
5.214746724014203250e+07
5.214746716643209010e+07
5.214746708800978214e+07
5.214746700487842411e+07
5.214746691703609377e+07
5.214746682448390871e+07
5.214746672721847892e+07
5.214746662524393946e+07
5.214746651855535805e+07
5.214746640715743601e+07
5.214746629104887694e+07
5.214746617022541165e+07
5.214746604469867796e+07
5.214746591445454955e+07
5.214746577949947119e+07
