1.984407060804973543e+07
1.984407060760378093e+07
1.984407060646601394e+07
1.984407060463640839e+07
1.984407060211455077e+07
1.984407059890228137e+07
1.984407059499808773e+07
1.984407059040288627e+07
1.984407058511663973e+07
1.984407057913825661e+07
1.984407057246754318e+07
1.984407056510693580e+07
1.984407055705399811e+07
1.984407054830944538e+07
1.984407053887328133e+07
1.984407052874673530e+07
1.984407051792791858e+07
1.984407050641766936e+07
1.984407049421605840e+07
1.984407048132248223e+07
1.984407046773824468e+07
1.984407045346189663e+07
1.984407043849350885e+07
1.984407042283544689e+07
1.984407040648463368e+07
1.984407038944204524e+07
1.984407037170847878e+07
1.984407035328320786e+07
1.984407033416697755e+07
1.984407031435903907e+07
