1.218859101560854912e+07
1.218859100861412846e+07
1.218859099078728817e+07
1.218859096212822944e+07
1.218859092263725027e+07
1.218859087231374532e+07
1.218859081115859747e+07
1.218859073917119205e+07
1.218859065635191649e+07
1.218859056270031258e+07
1.218859045821678452e+07
1.218859034290101938e+07
1.218859021675412916e+07
1.218859007977498323e+07
1.218858993196396902e+07
1.218858977332119271e+07
1.218858960384695418e+07
1.218858942354080081e+07
1.218858923240344226e+07
1.218858903043442406e+07
1.218858881763473153e+07
1.218858859400289692e+07
1.218858835954031534e+07
1.218858811424625106e+07
1.218858785812186264e+07
1.218858759116591327e+07
1.218858731337936595e+07
1.218858702476227097e+07
1.218858672531499900e+07
1.218858641503638774e+07
