1.438432390514444001e+07
1.438432389563575760e+07
1.438432387140096352e+07
1.438432383244089596e+07
1.438432377875500545e+07
1.438432371034354530e+07
1.438432362720597535e+07
1.438432352934308536e+07
1.438432341675504856e+07
1.438432328944097459e+07
1.438432314740175009e+07
1.438432299063663930e+07
1.438432281914628297e+07
1.438432263293078169e+07
1.438432243199006096e+07
1.438432221632385999e+07
1.438432198593299277e+07
1.438432174081658199e+07
1.438432148097562604e+07
1.438432120640942641e+07
1.438432091711931676e+07
1.438432061310392246e+07
1.438432029436416365e+07
1.438431996089941077e+07
1.438431961271120422e+07
1.438431924979879521e+07
1.438431887216159329e+07
1.438431847980064712e+07
1.438431807271712832e+07
1.438431765090878122e+07
