1.355988472028972954e+07
1.355988469009972177e+07
1.355988461315664835e+07
1.355988448946041241e+07
1.355988431901179627e+07
1.355988410180994309e+07
1.355988383785696141e+07
1.355988352715086192e+07
1.355988316969503649e+07
1.355988276548805833e+07
1.355988231453122757e+07
1.355988181682515703e+07
1.355988127237133868e+07
1.355988068116997927e+07
1.355988004322265275e+07
1.355987935852967948e+07
1.355987862709330395e+07
1.355987784891394712e+07
1.355987702399368398e+07
1.355987615233293548e+07
1.355987523393551446e+07
1.355987426879971847e+07
1.355987325692867488e+07
1.355987219832381792e+07
1.355987109298996627e+07
1.355986994092461281e+07
1.355986874213136360e+07
1.355986749661231786e+07
1.355986620437276922e+07
1.355986486540892534e+07
