3.006554446346828200e-29
9.123337630293825167e-29
1.524012081424082101e-28
2.135690399818782022e-28
2.747368718213481495e-28
3.359047036608180967e-28
3.970725355002880888e-28
4.582403673397581257e-28
5.194081991792280730e-28
5.805760310186980202e-28
6.417438628581679675e-28
7.029116946976380044e-28
7.640795265371079516e-28
8.252473583765778092e-28
8.864151902160479358e-28
9.475830220555178831e-28
1.008750853894987830e-27
1.069918685734457778e-27
1.131086517573927725e-27
1.192254349413397672e-27
1.253422181252867619e-27
1.314590013092337746e-27
1.375757844931807693e-27
1.436925676771277640e-27
1.498093508610747588e-27
1.559261340450217535e-27
1.620429172289687482e-27
1.681597004129157250e-27
1.742764835968627377e-27
1.803932667808097144e-27
