3.816023661514680095e-29
1.157965800735489241e-28
1.934329235319510472e-28
2.710692669903531703e-28
3.487056104487553158e-28
4.263419539071574613e-28
5.039782973655595171e-28
5.816146408239616627e-28
6.592509842823638082e-28
7.368873277407659537e-28
8.145236711991680992e-28
8.921600146575702448e-28
9.697963581159722109e-28
1.047432701574374356e-27
1.125069045032776502e-27
1.202705388491178647e-27
1.280341731949580793e-27
1.357978075407982939e-27
1.435614418866385084e-27
1.513250762324787230e-27
1.590887105783189375e-27
1.668523449241591162e-27
1.746159792699993487e-27
1.823796136158395453e-27
1.901432479616797419e-27
1.979068823075199744e-27
2.056705166533601710e-27
2.134341509992004035e-27
2.211977853450406001e-27
2.289614196908808326e-27
