2.937716187054401087e-29
8.914449119337493495e-29
1.489118205162058702e-28
2.086791498390367831e-28
2.684464791618676960e-28
3.282138084846986089e-28
3.879811378075295666e-28
4.477484671303605243e-28
5.075157964531914371e-28
5.672831257760223500e-28
6.270504550988532629e-28
6.868177844216841758e-28
7.465851137445151783e-28
8.063524430673460912e-28
8.661197723901770040e-28
9.258871017130079169e-28
9.856544310358388298e-28
1.045421760358669743e-27
1.105189089681500656e-27
1.164956419004331568e-27
1.224723748327162481e-27
1.284491077649993394e-27
1.344258406972824307e-27
1.404025736295655220e-27
1.463793065618486312e-27
1.523560394941317225e-27
1.583327724264148138e-27
1.643095053586979051e-27
1.702862382909809964e-27
1.762629712232640876e-27
