2.031706445709776043e-29
6.165178180084837261e-29
1.029864991445989876e-28
1.443212164883496026e-28
1.856559338321002176e-28
2.269906511758508326e-28
2.683253685196014475e-28
3.096600858633520625e-28
3.509948032071026775e-28
3.923295205508532925e-28
4.336642378946039075e-28
4.749989552383544776e-28
5.163336725821051374e-28
5.576683899258557973e-28
5.990031072696063674e-28
6.403378246133569376e-28
6.816725419571075974e-28
7.230072593008582572e-28
7.643419766446088274e-28
8.056766939883593975e-28
8.470114113321100573e-28
8.883461286758607171e-28
9.296808460196111976e-28
9.710155633633618574e-28
1.012350280707112517e-27
1.053684998050863177e-27
1.095019715394613837e-27
1.136354432738364317e-27
1.177689150082114977e-27
1.219023867425865637e-27
