1.728635044636948560e-29
5.245513238898327746e-29
8.762391433159705811e-29
1.227926962742108388e-28
1.579614782168246306e-28
1.931302601594384225e-28
2.282990421020521919e-28
2.634678240446659838e-28
2.986366059872797757e-28
3.338053879298935675e-28
3.689741698725073594e-28
4.041429518151211512e-28
4.393117337577348983e-28
4.744805157003487350e-28
5.096492976429624820e-28
5.448180795855763187e-28
5.799868615281900657e-28
6.151556434708038127e-28
6.503244254134176494e-28
6.854932073560313965e-28
7.206619892986452332e-28
7.558307712412589802e-28
7.909995531838728169e-28
8.261683351264866536e-28
8.613371170691003109e-28
8.965058990117141476e-28
9.316746809543279843e-28
9.668434628969416417e-28
1.002012244839555478e-27
1.037181026782169315e-27
