2.911970891386096266e-29
8.836325463516430704e-29
1.476068003564676402e-28
2.068503460777709846e-28
2.660938917990743290e-28
3.253374375203776734e-28
3.845809832416810178e-28
4.438245289629844070e-28
5.030680746842877065e-28
5.623116204055910061e-28
6.215551661268943953e-28
6.807987118481977846e-28
7.400422575695010841e-28
7.992858032908043836e-28
8.585293490121079522e-28
9.177728947334112518e-28
9.770164404547145513e-28
1.036259986176017851e-27
1.095503531897321150e-27
1.154747077618624629e-27
1.213990623339927929e-27
1.273234169061231228e-27
1.332477714782534707e-27
1.391721260503838007e-27
1.450964806225141306e-27
1.510208351946444606e-27
1.569451897667747906e-27
1.628695443389051205e-27
1.687938989110354684e-27
1.747182534831657804e-27
