3.104107610287591035e-29
9.419361024320964894e-29
1.573461443835433931e-28
2.204986785238771597e-28
2.836512126642109039e-28
3.468037468045446481e-28
4.099562809448783923e-28
4.731088150852121814e-28
5.362613492255458807e-28
5.994138833658795801e-28
6.625664175062133691e-28
7.257189516465471581e-28
7.888714857868808575e-28
8.520240199272144672e-28
9.151765540675483459e-28
9.783290882078820452e-28
1.041481622348215745e-27
1.104634156488549444e-27
1.167786690628883143e-27
1.230939224769217022e-27
1.294091758909550721e-27
1.357244293049884421e-27
1.420396827190218299e-27
1.483549361330551999e-27
1.546701895470885698e-27
1.609854429611219397e-27
1.673006963751553097e-27
1.736159497891886796e-27
1.799312032032220854e-27
1.862464566172554554e-27
