1.532579054530921738e-28
4.650584717197279200e-28
7.768590379863637334e-28
1.088659604252999367e-27
1.400460170519635181e-27
1.712260736786271174e-27
2.024061303052906628e-27
2.335861869319542442e-27
2.647662435586178255e-27
2.959463001852814069e-27
3.271263568119450241e-27
3.583064134386085337e-27
3.894864700652721150e-27
4.206665266919356964e-27
4.518465833185992777e-27
4.830266399452628591e-27
5.142066965719264404e-27
5.453867531985900217e-27
5.765668098252536031e-27
6.077468664519171844e-27
6.389269230785807658e-27
6.701069797052444189e-27
7.012870363319079285e-27
7.324670929585715815e-27
7.636471495852350911e-27
7.948272062118987442e-27
8.260072628385622538e-27
8.571873194652259069e-27
8.883673760918894165e-27
9.195474327185530696e-27
