2.956183331207518791e-29
8.970487349871092044e-29
1.498479136853466698e-28
2.099909538719823967e-28
2.701339940586181236e-28
3.302770342452538506e-28
3.904200744318896223e-28
4.505631146185253493e-28
5.107061548051611210e-28
5.708491949917968928e-28
6.309922351784325749e-28
6.911352753650683467e-28
7.512783155517041184e-28
8.114213557383397108e-28
8.715643959249754826e-28
9.317074361116112544e-28
9.918504762982470262e-28
1.051993516484882798e-27
1.112136556671518570e-27
1.172279596858154162e-27
1.232422637044789934e-27
1.292565677231425706e-27
1.352708717418061477e-27
1.412851757604697249e-27
1.472994797791333021e-27
1.533137837977968613e-27
1.593280878164604385e-27
1.653423918351239978e-27
1.713566958537875749e-27
1.773709998724511521e-27
