2.167670673553071452e-29
6.577759285264493416e-29
1.098784789697591538e-28
1.539793650868733622e-28
1.980802512039875931e-28
2.421811373211018239e-28
2.862820234382160099e-28
3.303829095553302408e-28
3.744837956724444716e-28
4.185846817895587025e-28
4.626855679066729782e-28
5.067864540237871642e-28
5.508873401409013502e-28
5.949882262580155362e-28
6.390891123751297222e-28
6.831899984922440876e-28
7.272908846093582736e-28
7.713917707264724596e-28
8.154926568435866456e-28
8.595935429607010110e-28
9.036944290778151970e-28
9.477953151949293830e-28
9.918962013120435690e-28
1.035997087429157755e-27
1.080097973546271941e-27
1.124198859663386306e-27
1.168299745780500492e-27
1.212400631897614678e-27
1.256501518014728864e-27
1.300602404131843050e-27
