3.180657027482025414e-29
9.651648910979939341e-29
1.612264079447785159e-28
2.259363267797576832e-28
2.906462456147368056e-28
3.553561644497159281e-28
4.200660832846950505e-28
4.847760021196741282e-28
5.494859209546532955e-28
6.141958397896324628e-28
6.789057586246115404e-28
7.436156774595907077e-28
8.083255962945698750e-28
8.730355151295490423e-28
9.377454339645280302e-28
1.002455352799507198e-27
1.067165271634486365e-27
1.131875190469465532e-27
1.196585109304444699e-27
1.261295028139423687e-27
1.326004946974402855e-27
1.390714865809382022e-27
1.455424784644361189e-27
1.520134703479340357e-27
1.584844622314319524e-27
1.649554541149298691e-27
1.714264459984278038e-27
1.778974378819257026e-27
1.843684297654236014e-27
1.908394216489215360e-27
