2.911348814832527147e-29
8.834437782940083923e-29
1.475752675104764070e-28
2.068061571915519748e-28
2.660370468726275425e-28
3.252679365537031103e-28
3.844988262347786780e-28
4.437297159158542458e-28
5.029606055969298584e-28
5.621914952780054710e-28
6.214223849590809042e-28
6.806532746401565169e-28
7.398841643212321295e-28
7.991150540023077421e-28
8.583459436833831753e-28
9.175768333644587879e-28
9.768077230455344005e-28
1.036038612726610013e-27
1.095269502407685626e-27
1.154500392088761059e-27
1.213731281769836672e-27
1.272962171450912284e-27
1.332193061131987717e-27
1.391423950813063330e-27
1.450654840494138943e-27
1.509885730175214555e-27
1.569116619856290168e-27
1.628347509537365601e-27
1.687578399218440855e-27
1.746809288899516468e-27
