4.260990048378478634e-29
1.292990083645883264e-28
2.159881162453918777e-28
3.026772241261953842e-28
3.893663320069989355e-28
4.760554398878025317e-28
5.627445477686060381e-28
6.494336556494096343e-28
7.361227635302131408e-28
8.228118714110165575e-28
9.095009792918202434e-28
9.961900871726237498e-28
1.082879195053427256e-27
1.169568302934230763e-27
1.256257410815034449e-27
1.342946518695837955e-27
1.429635626576641462e-27
1.516324734457444968e-27
1.603013842338248474e-27
1.689702950219051981e-27
1.776392058099855667e-27
1.863081165980658994e-27
1.949770273861462680e-27
2.036459381742266366e-27
2.123148489623069693e-27
2.209837597503873378e-27
2.296526705384676706e-27
2.383215813265480391e-27
2.469904921146284077e-27
2.556594029027087404e-27
