5.656136861725436718e-29
1.716344978730477473e-28
2.867076271288411274e-28
4.017807563846345074e-28
5.168538856404278875e-28
6.319270148962212676e-28
7.470001441520146477e-28
8.620732734078080278e-28
9.771464026636014079e-28
1.092219531919394788e-27
1.207292661175188168e-27
1.322365790430981548e-27
1.437438919686774928e-27
1.552512048942568308e-27
1.667585178198361868e-27
1.782658307454155068e-27
1.897731436709948269e-27
2.012804565965741470e-27
2.127877695221535388e-27
2.242950824477328589e-27
2.358023953733121790e-27
2.473097082988914990e-27
2.588170212244708908e-27
2.703243341500502109e-27
2.818316470756295310e-27
2.933389600012088511e-27
3.048462729267882429e-27
3.163535858523675630e-27
3.278608987779468830e-27
3.393682117035262031e-27
