5.372008307608742137e-29
1.630126658860583744e-28
2.723052486960293610e-28
3.815978315060003476e-28
4.908904143159712445e-28
6.001829971259421863e-28
7.094755799359132178e-28
8.187681627458841595e-28
9.280607455558551910e-28
1.037353328365826222e-27
1.146645911175797075e-27
1.255938493985768106e-27
1.365231076795739137e-27
1.474523659605709990e-27
1.583816242415681021e-27
1.693108825225651694e-27
1.802401408035622725e-27
1.911693990845593757e-27
2.020986573655564788e-27
2.130279156465535461e-27
2.239571739275506492e-27
2.348864322085477524e-27
2.458156904895448555e-27
2.567449487705419587e-27
2.676742070515390618e-27
2.786034653325361291e-27
2.895327236135332322e-27
3.004619818945303354e-27
3.113912401755274385e-27
3.223204984565245417e-27
