2.970483462590533058e-29
9.013880851998858896e-29
1.505727824140718473e-28
2.110067563081551393e-28
2.714407302022383865e-28
3.318747040963216337e-28
3.923086779904048809e-28
4.527426518844881280e-28
5.131766257785713752e-28
5.736105996726546224e-28
6.340445735667378695e-28
6.944785474608211167e-28
7.549125213549044536e-28
8.153464952489877904e-28
8.757804691430709479e-28
9.362144430371541054e-28
9.966484169312374422e-28
1.057082390825320779e-27
1.117516364719403937e-27
1.177950338613487273e-27
1.238384312507570431e-27
1.298818286401653768e-27
1.359252260295736925e-27
1.419686234189820262e-27
1.480120208083903599e-27
1.540554181977986756e-27
1.600988155872070093e-27
1.661422129766153610e-27
1.721856103660236767e-27
1.782290077554319924e-27
