3.688311626301634519e-29
1.119211803843254705e-28
1.869592445056345735e-28
2.619973086269436764e-28
3.370353727482528242e-28
4.120734368695618823e-28
4.871115009908710300e-28
5.621495651121800881e-28
6.371876292334892359e-28
7.122256933547983837e-28
7.872637574761074418e-28
8.623018215974164999e-28
9.373398857187257373e-28
1.012377949840034795e-27
1.087416013961343853e-27
1.162454078082653091e-27
1.237492142203962149e-27
1.312530206325271207e-27
1.387568270446580445e-27
1.462606334567889503e-27
1.537644398689198561e-27
1.612682462810507798e-27
1.687720526931816856e-27
1.762758591053126094e-27
1.837796655174435331e-27
1.912834719295744210e-27
1.987872783417053447e-27
2.062910847538362685e-27
2.137948911659671564e-27
2.212986975780980801e-27
