2.485374215254156119e-29
7.541825204909163010e-29
1.259827619456417158e-28
1.765472718421918015e-28
2.271117817387418424e-28
2.776762916352919057e-28
3.282408015318420139e-28
3.788053114283920772e-28
4.293698213249421853e-28
4.799343312214922934e-28
5.304988411180423119e-28
5.810633510145924200e-28
6.316278609111425282e-28
6.821923708076925466e-28
7.327568807042426548e-28
7.833213906007926732e-28
8.338859004973426917e-28
8.844504103938927998e-28
9.350149202904429080e-28
9.855794301869928368e-28
1.036143940083542945e-27
1.086708449980093053e-27
1.137272959876643161e-27
1.187837469773193269e-27
1.238401979669743377e-27
1.288966489566293306e-27
1.339530999462843414e-27
1.390095509359393523e-27
1.440660019255943631e-27
1.491224529152493739e-27
