3.903943788213834090e-29
1.184645011595922138e-28
1.978895644370460699e-28
2.773146277144999485e-28
3.567396909919538046e-28
4.361647542694076607e-28
5.155898175468616065e-28
5.950148808243154626e-28
6.744399441017693187e-28
7.538650073792231748e-28
8.332900706566769413e-28
9.127151339341308871e-28
9.921401972115848329e-28
1.071565260489038599e-27
1.150990323766492545e-27
1.230415387043946312e-27
1.309840450321400257e-27
1.389265513598854203e-27
1.468690576876307970e-27
1.548115640153761915e-27
1.627540703431215502e-27
1.706965766708669448e-27
1.786390829986123394e-27
1.865815893263577340e-27
1.945240956541031286e-27
2.024666019818485231e-27
2.104091083095938818e-27
2.183516146373392764e-27
2.262941209650846710e-27
2.342366272928300656e-27
