3.129535706619125326e-29
9.496522144223552443e-29
1.586350858182797956e-28
2.223049501943240780e-28
2.859748145703683379e-28
3.496446789464125979e-28
4.133145433224569027e-28
4.769844076985011178e-28
5.406542720745454226e-28
6.043241364505897274e-28
6.679940008266339425e-28
7.316638652026782473e-28
7.953337295787225522e-28
8.590035939547666776e-28
9.226734583308110721e-28
9.863433227068554666e-28
1.050013187082899502e-27
1.113683051458943897e-27
1.177352915834988291e-27
1.241022780211032327e-27
1.304692644587076722e-27
1.368362508963121116e-27
1.432032373339165152e-27
1.495702237715209546e-27
1.559372102091253941e-27
1.623041966467297976e-27
1.686711830843342371e-27
1.750381695219386765e-27
1.814051559595430801e-27
1.877721423971475196e-27
