3.392120177691565567e-29
1.029333019437440508e-28
1.719454021105724572e-28
2.409575022774008188e-28
3.099696024442292252e-28
3.789817026110576315e-28
4.479938027778859931e-28
5.170059029447144443e-28
5.860180031115428059e-28
6.550301032783711674e-28
7.240422034451996186e-28
7.930543036120279802e-28
8.620664037788563417e-28
9.310785039456847033e-28
1.000090604112513244e-27
1.069102704279341606e-27
1.138114804446169967e-27
1.207126904612998329e-27
1.276139004779826690e-27
1.345151104946655231e-27
1.414163205113483593e-27
1.483175305280311954e-27
1.552187405447140316e-27
1.621199505613968857e-27
1.690211605780797218e-27
1.759223705947625580e-27
1.828235806114453941e-27
1.897247906281282662e-27
1.966260006448111023e-27
2.035272106614939385e-27
