3.504961601177759498e-29
1.063574554840147756e-28
1.776652949562519674e-28
2.489731344284891144e-28
3.202809739007263063e-28
3.915888133729634981e-28
4.628966528452006900e-28
5.342044923174378818e-28
6.055123317896750736e-28
6.768201712619122655e-28
7.481280107341494573e-28
8.194358502063866491e-28
8.907436896786237513e-28
9.620515291508610328e-28
1.033359368623098135e-27
1.104667208095335416e-27
1.175975047567572519e-27
1.247282887039809621e-27
1.318590726512046902e-27
1.389898565984284004e-27
1.461206405456521286e-27
1.532514244928758388e-27
1.603822084400995670e-27
1.675129923873232951e-27
1.746437763345469874e-27
1.817745602817707156e-27
1.889053442289944437e-27
1.960361281762181360e-27
2.031669121234418641e-27
2.102976960706655923e-27
