3.002226787073887336e-29
9.110205422844900045e-29
1.521818405861591107e-28
2.132616269438692434e-28
2.743414133015793537e-28
3.354211996592894640e-28
3.965009860169996191e-28
4.575807723747097293e-28
5.186605587324198396e-28
5.797403450901299499e-28
6.408201314478400601e-28
7.018999178055501704e-28
7.629797041632603704e-28
8.240594905209704806e-28
8.851392768786805909e-28
9.462190632363907012e-28
1.007298849594100811e-27
1.068378635951810922e-27
1.129458422309521032e-27
1.190538208667231142e-27
1.251617995024941253e-27
1.312697781382651363e-27
1.373777567740361473e-27
1.434857354098071583e-27
1.495937140455781873e-27
1.557016926813491983e-27
1.618096713171202273e-27
1.679176499528912204e-27
1.740256285886622493e-27
1.801336072244332424e-27
