2.873848958780328881e-29
8.720645116298930411e-29
1.456744127381753194e-28
2.041423743133613347e-28
2.626103358885473276e-28
3.210782974637333204e-28
3.795462590389194030e-28
4.380142206141053959e-28
4.964821821892913888e-28
5.549501437644773816e-28
6.134181053396633745e-28
6.718860669148494571e-28
7.303540284900354499e-28
7.888219900652214428e-28
8.472899516404076150e-28
9.057579132155935182e-28
9.642258747907796008e-28
1.022693836365965683e-27
1.081161797941151587e-27
1.139629759516337669e-27
1.198097721091523572e-27
1.256565682666709655e-27
1.315033644241895737e-27
1.373501605817081641e-27
1.431969567392267723e-27
1.490437528967453806e-27
1.548905490542639709e-27
1.607373452117825791e-27
1.665841413693011695e-27
1.724309375268197777e-27
