9.534145871886455091e-29
2.893120126641406753e-28
4.832825666094168109e-28
6.772531205546929464e-28
8.712236744999690820e-28
1.065194228445245128e-27
1.259164782390521353e-27
1.453135336335797578e-27
1.647105890281073624e-27
1.841076444226349670e-27
2.035046998171625716e-27
2.229017552116902121e-27
2.422988106062178167e-27
2.616958660007454213e-27
2.810929213952730617e-27
3.004899767898006663e-27
3.198870321843282709e-27
3.392840875788559114e-27
3.586811429733835159e-27
3.780781983679111205e-27
3.974752537624387251e-27
4.168723091569664015e-27
4.362693645514940061e-27
4.556664199460216106e-27
4.750634753405492152e-27
4.944605307350768198e-27
5.138575861296044244e-27
5.332546415241320290e-27
5.526516969186597053e-27
5.720487523131873099e-27
