2.760188706690864075e-29
8.375745040992967622e-29
1.399130137529507061e-28
1.960685770959717360e-28
2.522241404389927434e-28
3.083797037820137508e-28
3.645352671250348031e-28
4.206908304680559003e-28
4.768463938110769077e-28
5.330019571540979151e-28
5.891575204971189226e-28
6.453130838401400197e-28
7.014686471831610272e-28
7.576242105261820346e-28
8.137797738692031317e-28
8.699353372122240495e-28
9.260909005552451466e-28
9.822464638982662437e-28
1.038402027241287161e-27
1.094557590584308259e-27
1.150713153927329176e-27
1.206868717270350274e-27
1.263024280613371371e-27
1.319179843956392288e-27
1.375335407299413386e-27
1.431490970642434483e-27
1.487646533985455400e-27
1.543802097328476498e-27
1.599957660671497595e-27
1.656113224014518333e-27
