3.776893278382514190e-29
1.146091753440211303e-28
1.914494179042171131e-28
2.682896604644130734e-28
3.451299030246090562e-28
4.219701455848050839e-28
4.988103881450010218e-28
5.756506307051969598e-28
6.524908732653929874e-28
7.293311158255890150e-28
8.061713583857849530e-28
8.830116009459809806e-28
9.598518435061770082e-28
1.036692086066373036e-27
1.113532328626568884e-27
1.190372571186764912e-27
1.267212813746960939e-27
1.344053056307156967e-27
1.420893298867352995e-27
1.497733541427548843e-27
1.574573783987744871e-27
1.651414026547940719e-27
1.728254269108136567e-27
1.805094511668332774e-27
1.881934754228528622e-27
1.958774996788724471e-27
2.035615239348920678e-27
2.112455481909116526e-27
2.189295724469312374e-27
2.266135967029508581e-27
