2.022120711546588021e-29
6.136090435037923275e-29
1.025006015852925853e-28
1.436402988202059154e-28
1.847799960551192679e-28
2.259196932900326205e-28
2.670593905249459506e-28
3.081990877598593256e-28
3.493387849947726557e-28
3.904784822296859858e-28
4.316181794645993159e-28
4.727578766995127806e-28
5.138975739344260659e-28
5.550372711693393511e-28
5.961769684042528158e-28
6.373166656391661011e-28
6.784563628740793863e-28
7.195960601089928510e-28
7.607357573439061363e-28
8.018754545788194215e-28
8.430151518137328862e-28
8.841548490486461715e-28
9.252945462835596361e-28
9.664342435184729214e-28
1.007573940753386207e-27
1.048713637988299671e-27
1.089853335223212957e-27
1.130993032458126242e-27
1.172132729693039706e-27
1.213272426927952992e-27
