2.834697486959302996e-29
8.601840650083402621e-29
1.436898381320750225e-28
2.013612697633160075e-28
2.590327013945570149e-28
3.167041330257980224e-28
3.743755646570389850e-28
4.320469962882799925e-28
4.897184279195210448e-28
5.473898595507620074e-28
6.050612911820029700e-28
6.627327228132439326e-28
7.204041544444848952e-28
7.780755860757260372e-28
8.357470177069669998e-28
8.934184493382079624e-28
9.510898809694489250e-28
1.008761312600689888e-27
1.066432744231930850e-27
1.124104175863171992e-27
1.181775607494412955e-27
1.239447039125653917e-27
1.297118470756894880e-27
1.354789902388135843e-27
1.412461334019376805e-27
1.470132765650617947e-27
1.527804197281858910e-27
1.585475628913099873e-27
1.643147060544341014e-27
1.700818492175581977e-27
