1.670441673658424802e-29
5.068926457997979289e-29
8.467411242337533776e-29
1.186589602667708938e-28
1.526438081101664387e-28
1.866286559535619836e-28
2.206135037969575284e-28
2.545983516403530733e-28
2.885831994837486182e-28
3.225680473271441631e-28
3.565528951705397079e-28
3.905377430139352528e-28
4.245225908573307977e-28
4.585074387007262977e-28
4.924922865441218874e-28
5.264771343875174771e-28
5.604619822309129771e-28
5.944468300743084772e-28
6.284316779177040669e-28
6.624165257610996566e-28
6.964013736044951566e-28
7.303862214478906567e-28
7.643710692912862464e-28
7.983559171346818361e-28
8.323407649780773361e-28
8.663256128214728361e-28
9.003104606648683362e-28
9.342953085082640156e-28
9.682801563516595156e-28
1.002265004195055016e-27
