1.771808091627151267e-29
5.376521105627217367e-29
8.981234119627283467e-29
1.258594713362735069e-28
1.619066014762741567e-28
1.979537316162748065e-28
2.340008617562755011e-28
2.700479918962761509e-28
3.060951220362768007e-28
3.421422521762774505e-28
3.781893823162781003e-28
4.142365124562787949e-28
4.502836425962795344e-28
4.863307727362801842e-28
5.223779028762808340e-28
5.584250330162814838e-28
5.944721631562821335e-28
6.305192932962827833e-28
6.665664234362834331e-28
7.026135535762840829e-28
7.386606837162847327e-28
7.747078138562853825e-28
8.107549439962860323e-28
8.468020741362866821e-28
8.828492042762875112e-28
9.188963344162881610e-28
9.549434645562888108e-28
9.909905946962894606e-28
1.027037724836290110e-27
1.063084854976290760e-27
