1.741194421454695191e-29
5.283624451310799044e-29
8.826054481166904019e-29
1.236848451102300899e-28
1.591091454087911285e-28
1.945334457073521670e-28
2.299577460059132280e-28
2.653820463044742665e-28
3.008063466030353051e-28
3.362306469015963436e-28
3.716549472001573821e-28
4.070792474987184207e-28
4.425035477972795489e-28
4.779278480958404977e-28
5.133521483944016260e-28
5.487764486929625748e-28
5.842007489915237030e-28
6.196250492900846519e-28
6.550493495886457801e-28
6.904736498872067290e-28
7.258979501857678572e-28
7.613222504843288060e-28
7.967465507828899343e-28
8.321708510814508831e-28
8.675951513800120113e-28
9.030194516785729602e-28
9.384437519771340884e-28
9.738680522756950373e-28
1.009292352574256165e-27
1.044716652872817114e-27
