1.630410335756579884e-29
4.947452053330311314e-29
8.264493770904042744e-29
1.158153548847777474e-28
1.489857720605150560e-28
1.821561892362523647e-28
2.153266064119896734e-28
2.484970235877270046e-28
2.816674407634643357e-28
3.148378579392016668e-28
3.480082751149389082e-28
3.811786922906762393e-28
4.143491094664135705e-28
4.475195266421509016e-28
4.806899438178881430e-28
5.138603609936254741e-28
5.470307781693628053e-28
5.802011953451001364e-28
6.133716125208374675e-28
6.465420296965747089e-28
6.797124468723120400e-28
7.128828640480493712e-28
7.460532812237867023e-28
7.792236983995240334e-28
8.123941155752614542e-28
8.455645327509986956e-28
8.787349499267361164e-28
9.119053671024733579e-28
9.450757842782105993e-28
9.782462014539480201e-28
