2.627381647686305290e-29
7.972744310220512989e-29
1.331810697275472069e-28
1.866346963528892839e-28
2.400883229782313385e-28
2.935419496035734155e-28
3.469955762289154925e-28
4.004492028542575695e-28
4.539028294795996465e-28
5.073564561049417235e-28
5.608100827302838005e-28
6.142637093556258774e-28
6.677173359809679544e-28
7.211709626063100314e-28
7.746245892316521084e-28
8.280782158569941854e-28
8.815318424823363521e-28
9.349854691076783394e-28
9.884390957330205061e-28
1.041892722358362673e-27
1.095346348983704660e-27
1.148799975609046647e-27
1.202253602234388814e-27
1.255707228859730981e-27
1.309160855485072968e-27
1.362614482110414955e-27
1.416068108735757122e-27
1.469521735361099289e-27
1.522975361986441276e-27
1.576428988611783263e-27
