2.175558933451198234e-29
6.601696073920878637e-29
1.102783321439055736e-28
1.545397035486023608e-28
1.988010749532991704e-28
2.430624463579959801e-28
2.873238177626927448e-28
3.315851891673895545e-28
3.758465605720863641e-28
4.201079319767832186e-28
4.643693033814799834e-28
5.086306747861767482e-28
5.528920461908735130e-28
5.971534175955703674e-28
6.414147890002671322e-28
6.856761604049639867e-28
7.299375318096607515e-28
7.741989032143575163e-28
8.184602746190543708e-28
8.627216460237513149e-28
9.069830174284480797e-28
9.512443888331448445e-28
9.955057602378416093e-28
1.039767131642538374e-27
1.084028503047235139e-27
1.128289874451932083e-27
1.172551245856628848e-27
1.216812617261325613e-27
1.261073988666022377e-27
1.305335360070719142e-27
