2.930919183040069433e-29
8.893823727845727046e-29
1.485672827265138354e-28
2.081963281745704115e-28
2.678253736226269876e-28
3.274544190706835638e-28
3.870834645187401399e-28
4.467125099667967609e-28
5.063415554148533370e-28
5.659706008629099131e-28
6.255996463109664893e-28
6.852286917590230654e-28
7.448577372070796415e-28
8.044867826551362177e-28
8.641158281031927041e-28
9.237448735512492802e-28
9.833739189993058564e-28
1.043002964447362433e-27
1.102632009895419009e-27
1.162261055343475585e-27
1.221890100791532161e-27
1.281519146239588737e-27
1.341148191687645313e-27
1.400777237135701889e-27
1.460406282583758465e-27
1.520035328031815042e-27
1.579664373479871618e-27
1.639293418927928373e-27
1.698922464375984949e-27
1.758551509824041525e-27
