1.655523412920343814e-29
5.023657252999664702e-29
8.391791093078986151e-29
1.175992493315830816e-28
1.512805877323762793e-28
1.849619261331694770e-28
2.186432645339627195e-28
2.523246029347559171e-28
2.860059413355491148e-28
3.196872797363423125e-28
3.533686181371355102e-28
3.870499565379287527e-28
4.207312949387219952e-28
4.544126333395151929e-28
4.880939717403083905e-28
5.217753101411015882e-28
5.554566485418947859e-28
5.891379869426879836e-28
6.228193253434811812e-28
6.565006637442743789e-28
6.901820021450675766e-28
7.238633405458608639e-28
7.575446789466540616e-28
7.912260173474472593e-28
8.249073557482405466e-28
8.585886941490336546e-28
8.922700325498269420e-28
9.259513709506200500e-28
9.596327093514133373e-28
9.933140477522064453e-28
