5.931947744400632932e-29
1.800039315542261167e-28
3.006883856644458928e-28
4.213728397746656242e-28
5.420572938848854452e-28
6.627417479951051765e-28
7.834262021053249975e-28
9.041106562155447288e-28
1.024795110325764460e-27
1.145479564435984191e-27
1.266164018546203923e-27
1.386848472656423833e-27
1.507532926766643565e-27
1.628217380876863296e-27
1.748901834987083207e-27
1.869586289097302759e-27
1.990270743207522669e-27
2.110955197317742580e-27
2.231639651427962132e-27
2.352324105538182043e-27
2.473008559648401595e-27
2.593693013758621505e-27
2.714377467868841416e-27
2.835061921979060968e-27
2.955746376089280879e-27
3.076430830199500789e-27
3.197115284309720341e-27
3.317799738419940252e-27
3.438484192530160163e-27
3.559168646640380073e-27
