3.513088949497306557e-29
1.066040784675044655e-28
1.780772674400358879e-28
2.495504564125673103e-28
3.210236453850987327e-28
3.924968343576301551e-28
4.639700233301614878e-28
5.354432123026929102e-28
6.069164012752243326e-28
6.783895902477557550e-28
7.498627792202871774e-28
8.213359681928185998e-28
8.928091571653500222e-28
9.642823461378814446e-28
1.035755535110412867e-27
1.107228724082944289e-27
1.178701913055475712e-27
1.250175102028007134e-27
1.321648291000538557e-27
1.393121479973069979e-27
1.464594668945601401e-27
1.536067857918132824e-27
1.607541046890664246e-27
1.679014235863195489e-27
1.750487424835726732e-27
1.821960613808258334e-27
1.893433802780789577e-27
1.964906991753321179e-27
2.036380180725852422e-27
2.107853369698384024e-27
