1.956460772446651948e-29
5.936846481907081734e-29
9.917232191367510960e-29
1.389761790082794131e-28
1.787800361028837165e-28
2.185838931974879976e-28
2.583877502920923011e-28
2.981916073866966045e-28
3.379954644813009080e-28
3.777993215759052115e-28
4.176031786705094701e-28
4.574070357651137736e-28
4.972108928597180770e-28
5.370147499543223805e-28
5.768186070489266840e-28
6.166224641435309874e-28
6.564263212381352909e-28
6.962301783327395944e-28
7.360340354273438978e-28
7.758378925219482013e-28
8.156417496165524151e-28
8.554456067111567186e-28
8.952494638057610220e-28
9.350533209003653255e-28
9.748571779949696290e-28
1.014661035089573932e-27
1.054464892184178236e-27
1.094268749278782539e-27
1.134072606373386843e-27
1.173876463467991146e-27
