1.612880674388904145e-29
4.894258598145640009e-29
8.175636521902375312e-29
1.145701444565911286e-28
1.473839236941584816e-28
1.801977029317258346e-28
2.130114821692932101e-28
2.458252614068605631e-28
2.786390406444279162e-28
3.114528198819952692e-28
3.442665991195626222e-28
3.770803783571299753e-28
4.098941575946973731e-28
4.427079368322647262e-28
4.755217160698320792e-28
5.083354953073994322e-28
5.411492745449667853e-28
5.739630537825341383e-28
6.067768330201014913e-28
6.395906122576688444e-28
6.724043914952361974e-28
7.052181707328035505e-28
7.380319499703709035e-28
7.708457292079382565e-28
8.036595084455056992e-28
8.364732876830730523e-28
8.692870669206404053e-28
9.021008461582077583e-28
9.349146253957751114e-28
9.677284046333424644e-28
