2.961544784860943812e-29
8.986756588543554911e-29
1.501196839222616601e-28
2.103718019590877823e-28
2.706239199959138821e-28
3.308760380327399819e-28
3.911281560695661265e-28
4.513802741063922711e-28
5.116323921432182812e-28
5.718845101800444707e-28
6.321366282168704808e-28
6.923887462536966702e-28
7.526408642905228597e-28
8.128929823273488698e-28
8.731451003641750593e-28
9.333972184010010693e-28
9.936493364378272588e-28
1.053901454474653448e-27
1.114153572511479458e-27
1.174405690548305648e-27
1.234657808585131658e-27
1.294909926621957847e-27
1.355162044658783857e-27
1.415414162695610047e-27
1.475666280732436236e-27
1.535918398769262247e-27
1.596170516806088436e-27
1.656422634842914446e-27
1.716674752879740456e-27
1.776926870916566466e-27
