5.185289723623448454e-29
1.573467226478839655e-28
2.628405480595334464e-28
3.683343734711829273e-28
4.738281988828324082e-28
5.793220242944818892e-28
6.848158497061313701e-28
7.903096751177808510e-28
8.958035005294302422e-28
1.001297325941079813e-27
1.106791151352729383e-27
1.212284976764378595e-27
1.317778802176028166e-27
1.423272627587677737e-27
1.528766452999327307e-27
1.634260278410976519e-27
1.739754103822626090e-27
1.845247929234275660e-27
1.950741754645925231e-27
2.056235580057574443e-27
2.161729405469224013e-27
2.267223230880873584e-27
2.372717056292522796e-27
2.478210881704172366e-27
2.583704707115821937e-27
2.689198532527471508e-27
2.794692357939121078e-27
2.900186183350770290e-27
3.005680008762419861e-27
3.111173834174069431e-27
