1.596032050998447299e-29
4.843131740960804785e-29
8.090231430923162552e-29
1.133733112088552144e-28
1.458443081084787808e-28
1.783153050081023473e-28
2.107863019077259586e-28
2.432572988073495251e-28
2.757282957069730915e-28
3.081992926065966580e-28
3.406702895062202244e-28
3.731412864058438357e-28
4.056122833054674470e-28
4.380832802050909686e-28
4.705542771047145799e-28
5.030252740043381015e-28
5.354962709039617128e-28
5.679672678035853241e-28
6.004382647032088457e-28
6.329092616028324570e-28
6.653802585024559786e-28
6.978512554020795899e-28
7.303222523017032012e-28
7.627932492013267228e-28
7.952642461009503341e-28
8.277352430005739454e-28
8.602062399001975567e-28
8.926772367998211680e-28
9.251482336994447793e-28
9.576192305990683906e-28
