2.956977614022086669e-29
8.972897587377367913e-29
1.498881756073264860e-28
2.100473753408792704e-28
2.702065750744320996e-28
3.303657748079848840e-28
3.905249745415377133e-28
4.506841742750905425e-28
5.108433740086433270e-28
5.710025737421961114e-28
6.311617734757488958e-28
6.913209732093017699e-28
7.514801729428545543e-28
8.116393726764072490e-28
8.717985724099602128e-28
9.319577721435129972e-28
9.921169718770657816e-28
1.052276171610618566e-27
1.112435371344171350e-27
1.172594571077724135e-27
1.232753770811276919e-27
1.292912970544829883e-27
1.353072170278382667e-27
1.413231370011935452e-27
1.473390569745488236e-27
1.533549769479041021e-27
1.593708969212593805e-27
1.653868168946146769e-27
1.714027368679699553e-27
1.774186568413252338e-27
