1.710027774283709821e-29
5.189049797826429571e-29
8.668071821369150442e-29
1.214709384491187131e-28
1.562611586845459106e-28
1.910513789199731081e-28
2.258415991554003505e-28
2.606318193908275480e-28
2.954220396262547454e-28
3.302122598616819429e-28
3.650024800971091404e-28
3.997927003325363379e-28
4.345829205679635354e-28
4.693731408033907329e-28
5.041633610388179304e-28
5.389535812742451279e-28
5.737438015096723254e-28
6.085340217450995229e-28
6.433242419805267204e-28
6.781144622159539179e-28
7.129046824513811154e-28
7.476949026868083129e-28
7.824851229222355104e-28
8.172753431576627976e-28
8.520655633930900848e-28
8.868557836285171926e-28
9.216460038639444797e-28
9.564362240993715876e-28
9.912264443347988747e-28
1.026016664570225983e-27
