3.023172711299155040e-29
9.173765468769849390e-29
1.532435822624054542e-28
2.147495098371123921e-28
2.762554374118193300e-28
3.377613649865262679e-28
3.992672925612332506e-28
4.607732201359401885e-28
5.222791477106471264e-28
5.837850752853540643e-28
6.452910028600610022e-28
7.067969304347679401e-28
7.683028580094749677e-28
8.298087855841819056e-28
8.913147131588889331e-28
9.528206407335957814e-28
1.014326568308302809e-27
1.075832495883009837e-27
1.137338423457716685e-27
1.198844351032423712e-27
1.260350278607130561e-27
1.321856206181837588e-27
1.383362133756544436e-27
1.444868061331251464e-27
1.506373988905958491e-27
1.567879916480665340e-27
1.629385844055372188e-27
1.690891771630079395e-27
1.752397699204786243e-27
1.813903626779493091e-27
