3.353665782220311135e-29
1.017664099432370183e-28
1.699961620642709476e-28
2.382259141853048770e-28
3.064556663063388063e-28
3.746854184273727356e-28
4.429151705484065753e-28
5.111449226694405046e-28
5.793746747904744340e-28
6.476044269115083633e-28
7.158341790325422927e-28
7.840639311535762220e-28
8.522936832746100617e-28
9.205234353956440807e-28
9.887531875166779204e-28
1.056982939637711939e-27
1.125212691758745779e-27
1.193442443879779619e-27
1.261672196000813638e-27
1.329901948121847477e-27
1.398131700242881496e-27
1.466361452363915336e-27
1.534591204484949355e-27
1.602820956605983195e-27
1.671050708727017214e-27
1.739280460848051053e-27
1.807510212969085252e-27
1.875739965090119092e-27
1.943969717211152931e-27
2.012199469332186771e-27
