1.617749164624669782e-29
4.909031947826585093e-29
8.200314731028499563e-29
1.149159751423041628e-28
1.478288029743233075e-28
1.807416308063424522e-28
2.136544586383615969e-28
2.465672864703807416e-28
2.794801143023998863e-28
3.123929421344190310e-28
3.453057699664381757e-28
3.782185977984573204e-28
4.111314256304765548e-28
4.440442534624956995e-28
4.769570812945148442e-28
5.098699091265339889e-28
5.427827369585531336e-28
5.756955647905722783e-28
6.086083926225914230e-28
6.415212204546105677e-28
6.744340482866297124e-28
7.073468761186488571e-28
7.402597039506680018e-28
7.731725317826871465e-28
8.060853596147063809e-28
8.389981874467253462e-28
8.719110152787445806e-28
9.048238431107636356e-28
9.377366709427828700e-28
9.706494987748019251e-28
