9.539083463519709354e-29
2.894618430309429092e-28
4.835328514266887360e-28
6.776038598224345181e-28
8.716748682181803898e-28
1.065745876613926172e-27
1.259816885009671954e-27
1.453887893405417736e-27
1.647958901801163518e-27
1.842029910196909659e-27
2.036100918592655441e-27
2.230171926988401223e-27
2.424242935384147005e-27
2.618313943779892787e-27
2.812384952175638569e-27
3.006455960571384351e-27
3.200526968967130133e-27
3.394597977362876273e-27
3.588668985758622055e-27
3.782739994154367837e-27
3.976811002550113619e-27
4.170882010945859401e-27
4.364953019341605183e-27
4.559024027737350965e-27
4.753095036133096747e-27
4.947166044528842529e-27
5.141237052924588311e-27
5.335308061320334094e-27
5.529379069716079876e-27
5.723450078111825658e-27
