1.627133551159415847e-29
4.937508706966503569e-29
8.247883862773591291e-29
1.155825901858067901e-28
1.486863417438776561e-28
1.817900933019485446e-28
2.148938448600194330e-28
2.479975964180902766e-28
2.811013479761611650e-28
3.142050995342320535e-28
3.473088510923029419e-28
3.804126026503737855e-28
4.135163542084447188e-28
4.466201057665155175e-28
4.797238573245864059e-28
5.128276088826572944e-28
5.459313604407281828e-28
5.790351119987990712e-28
6.121388635568699597e-28
6.452426151149408481e-28
6.783463666730117365e-28
7.114501182310825353e-28
7.445538697891534237e-28
7.776576213472243122e-28
8.107613729052952903e-28
8.438651244633659993e-28
8.769688760214368878e-28
9.100726275795077762e-28
9.431763791375786646e-28
9.762801306956495531e-28
