1.753509685588877667e-29
5.320994907993835640e-29
8.888480130398792773e-29
1.245596535280375103e-28
1.602345057520870816e-28
1.959093579761366529e-28
2.315842102001862467e-28
2.672590624242358180e-28
3.029339146482853893e-28
3.386087668723349606e-28
3.742836190963845320e-28
4.099584713204341481e-28
4.456333235444837643e-28
4.813081757685332908e-28
5.169830279925829069e-28
5.526578802166324334e-28
5.883327324406820496e-28
6.240075846647316658e-28
6.596824368887811922e-28
6.953572891128308084e-28
7.310321413368803349e-28
7.667069935609299511e-28
8.023818457849794775e-28
8.380566980090290937e-28
8.737315502330787099e-28
9.094064024571283260e-28
9.450812546811777628e-28
9.807561069052273790e-28
1.016430959129276995e-27
1.052105811353326611e-27
