1.193350838672373613e-29
3.621202544936858151e-29
6.049054251201342829e-29
8.476905957465826947e-29
1.090475766373031106e-28
1.333260936999479630e-28
1.576046107625928154e-28
1.818831278252376454e-28
2.061616448878824978e-28
2.304401619505273053e-28
2.547186790131721577e-28
2.789971960758170101e-28
3.032757131384618625e-28
3.275542302011067148e-28
3.518327472637515224e-28
3.761112643263963748e-28
4.003897813890412272e-28
4.246682984516860795e-28
4.489468155143308871e-28
4.732253325769757843e-28
4.975038496396205919e-28
5.217823667022654891e-28
5.460608837649102966e-28
5.703394008275551042e-28
5.946179178902000014e-28
6.188964349528448089e-28
6.431749520154897062e-28
6.674534690781345137e-28
6.917319861407793213e-28
7.160105032034242185e-28
