1.205119852892031534e-29
3.656915415672371764e-29
6.108710978452712134e-29
8.560506541233051943e-29
1.101230210401339287e-28
1.346409766679373268e-28
1.591589322957407249e-28
1.836768879235441230e-28
2.081948435513475435e-28
2.327127991791509192e-28
2.572307548069543397e-28
2.817487104347577154e-28
3.062666660625611359e-28
3.307846216903645116e-28
3.553025773181679321e-28
3.798205329459713078e-28
4.043384885737747283e-28
4.288564442015781488e-28
4.533743998293815693e-28
4.778923554571849899e-28
5.024103110849884104e-28
5.269282667127917412e-28
5.514462223405951617e-28
5.759641779683985822e-28
6.004821335962020027e-28
6.250000892240054233e-28
6.495180448518087541e-28
6.740360004796121746e-28
6.985539561074155951e-28
7.230719117352190156e-28
