1.484727378310038729e-29
4.505379630733910433e-29
7.526031883157782417e-29
1.054668413558165552e-28
1.356733638800552639e-28
1.658798864042939949e-28
1.960864089285327035e-28
2.262929314527714346e-28
2.564994539770101656e-28
2.867059765012488967e-28
3.169124990254876278e-28
3.471190215497263140e-28
3.773255440739650450e-28
4.075320665982037312e-28
4.377385891224424623e-28
4.679451116466811933e-28
4.981516341709199244e-28
5.283581566951586554e-28
5.585646792193973865e-28
5.887712017436361175e-28
6.189777242678748486e-28
6.491842467921134900e-28
6.793907693163522210e-28
7.095972918405909521e-28
7.398038143648296831e-28
7.700103368890684142e-28
8.002168594133071452e-28
8.304233819375456969e-28
8.606299044617844280e-28
8.908364269860231590e-28
