1.400264609266769768e-29
4.249078814326749968e-29
7.097893019386730168e-29
9.946707224446709808e-29
1.279552142950668945e-28
1.564433563456667021e-28
1.849314983962665097e-28
2.134196404468663173e-28
2.419077824974661249e-28
2.703959245480659325e-28
2.988840665986657401e-28
3.273722086492655477e-28
3.558603506998653105e-28
3.843484927504651181e-28
4.128366348010648809e-28
4.413247768516646885e-28
4.698129189022644961e-28
4.983010609528643037e-28
5.267892030034641113e-28
5.552773450540639189e-28
5.837654871046637266e-28
6.122536291552635342e-28
6.407417712058633418e-28
6.692299132564631494e-28
6.977180553070628673e-28
7.262061973576626749e-28
7.546943394082624825e-28
7.831824814588622901e-28
8.116706235094621874e-28
8.401587655600619950e-28
