1.234438291363442254e-29
3.745881711723549238e-29
6.257325132083656502e-29
8.768768552443763206e-29
1.128021197280386991e-28
1.379165539316397773e-28
1.630309881352408556e-28
1.881454223388419114e-28
2.132598565424429897e-28
2.383742907460440231e-28
2.634887249496451013e-28
2.886031591532461796e-28
3.137175933568472578e-28
3.388320275604483361e-28
3.639464617640493695e-28
3.890608959676504477e-28
4.141753301712515708e-28
4.392897643748525594e-28
4.644041985784536376e-28
4.895186327820547159e-28
5.146330669856557941e-28
5.397475011892568724e-28
5.648619353928579506e-28
5.899763695964590288e-28
6.150908038000601071e-28
6.402052380036611853e-28
6.653196722072622636e-28
6.904341064108632522e-28
7.155485406144643304e-28
7.406629748180654086e-28
