2.537305582319498929e-29
7.699410042900547778e-29
1.286151450348159719e-28
1.802361896406264660e-28
2.318572342464369601e-28
2.834782788522474766e-28
3.350993234580579483e-28
3.867203680638684199e-28
4.383414126696789813e-28
4.899624572754894978e-28
5.415835018813000143e-28
5.932045464871104412e-28
6.448255910929209577e-28
6.964466356987314742e-28
7.480676803045419010e-28
7.996887249103524176e-28
8.513097695161628444e-28
9.029308141219733609e-28
9.545518587277838774e-28
1.006172903333594394e-27
1.057793947939404910e-27
1.109414992545215248e-27
1.161036037151025764e-27
1.212657081756836281e-27
1.264278126362646797e-27
1.315899170968457314e-27
1.367520215574267830e-27
1.419141260180078347e-27
1.470762304785888684e-27
1.522383349391699380e-27
