1.222485445085209303e-29
3.709611005775807732e-29
6.196736566466406302e-29
8.683862127157004872e-29
1.117098768784760344e-28
1.365811324853820201e-28
1.614523880922880058e-28
1.863236436991939915e-28
2.111948993060999996e-28
2.360661549130059629e-28
2.609374105199119710e-28
2.858086661268179792e-28
3.106799217337239424e-28
3.355511773406299057e-28
3.604224329475359138e-28
3.852936885544419220e-28
4.101649441613478852e-28
4.350361997682538485e-28
4.599074553751598118e-28
4.847787109820658647e-28
5.096499665889718280e-28
5.345212221958777913e-28
5.593924778027838443e-28
5.842637334096898075e-28
6.091349890165957708e-28
6.340062446235017341e-28
6.588775002304076974e-28
6.837487558373137503e-28
7.086200114442197136e-28
7.334912670511256769e-28
