1.269675645525585430e-29
3.852808855387983993e-29
6.435942065250382276e-29
9.019075275112780558e-29
1.160220848497517772e-28
1.418534169483757712e-28
1.676847490469997429e-28
1.935160811456237145e-28
2.193474132442477309e-28
2.451787453428717250e-28
2.710100774414957190e-28
2.968414095401196682e-28
3.226727416387436622e-28
3.485040737373676563e-28
3.743354058359916055e-28
4.001667379346155995e-28
4.259980700332395935e-28
4.518294021318635427e-28
4.776607342304875816e-28
5.034920663291115308e-28
5.293233984277355697e-28
5.551547305263595189e-28
5.809860626249834681e-28
6.068173947236075069e-28
6.326487268222314561e-28
6.584800589208554053e-28
6.843113910194794442e-28
7.101427231181033934e-28
7.359740552167273426e-28
7.618053873153513815e-28
