1.284623375960831495e-29
3.898167485674247316e-29
6.511711595387662576e-29
9.125255705101078396e-29
1.173879981481449422e-28
1.435234392452791004e-28
1.696588803424132586e-28
1.957943214395474168e-28
2.219297625366815750e-28
2.480652036338157108e-28
2.742006447309498914e-28
3.003360858280840720e-28
3.264715269252182078e-28
3.526069680223523436e-28
3.787424091194865242e-28
4.048778502166207497e-28
4.310132913137548855e-28
4.571487324108890212e-28
4.832841735080231570e-28
5.094196146051573825e-28
5.355550557022915183e-28
5.616904967994256541e-28
5.878259378965598795e-28
6.139613789936940153e-28
6.400968200908281511e-28
6.662322611879622869e-28
6.923677022850964227e-28
7.185031433822306481e-28
7.446385844793647839e-28
7.707740255764990094e-28
