1.275391300956424114e-29
3.870152913247080108e-29
6.464914525537736102e-29
9.059676137828392096e-29
1.165443775011904809e-28
1.424919936240970296e-28
1.684396097470036008e-28
1.943872258699101719e-28
2.203348419928167207e-28
2.462824581157232694e-28
2.722300742386298181e-28
2.981776903615364117e-28
3.241253064844429604e-28
3.500729226073495092e-28
3.760205387302561027e-28
4.019681548531626515e-28
4.279157709760691554e-28
4.538633870989757041e-28
4.798110032218822528e-28
5.057586193447888016e-28
5.317062354676953503e-28
5.576538515906020784e-28
5.836014677135086271e-28
6.095490838364151758e-28
6.354966999593217246e-28
6.614443160822282733e-28
6.873919322051348220e-28
7.133395483280413708e-28
7.392871644509479195e-28
7.652347805738544682e-28
