2.479351934301202852e-29
7.523550697189858090e-29
1.256774946007851165e-28
1.761194822296716520e-28
2.265614698585582324e-28
2.770034574874447904e-28
3.274454451163313036e-28
3.778874327452178615e-28
4.283294203741044195e-28
4.787714080029909327e-28
5.292133956318775355e-28
5.796553832607640486e-28
6.300973708896505618e-28
6.805393585185371646e-28
7.309813461474236778e-28
7.814233337763102806e-28
8.318653214051967937e-28
8.823073090340833069e-28
9.327492966629698200e-28
9.831912842918565125e-28
1.033633271920743026e-27
1.084075259549629539e-27
1.134517247178516052e-27
1.184959234807402565e-27
1.235401222436289078e-27
1.285843210065175771e-27
1.336285197694062284e-27
1.386727185322948797e-27
1.437169172951835310e-27
1.487611160580721823e-27
