2.546568871117331849e-29
7.727519333045697418e-29
1.290846979497406467e-28
1.808942025690243192e-28
2.327037071883079693e-28
2.845132118075916194e-28
3.363227164268753143e-28
3.881322210461589644e-28
4.399417256654426145e-28
4.917512302847262646e-28
5.435607349040099147e-28
5.953702395232935647e-28
6.471797441425773045e-28
6.989892487618609546e-28
7.507987533811446047e-28
8.026082580004282548e-28
8.544177626197118152e-28
9.062272672389954653e-28
9.580367718582791154e-28
1.009846276477562765e-27
1.061655781096846416e-27
1.113465285716130066e-27
1.165274790335413716e-27
1.217084294954697366e-27
1.268893799573981195e-27
1.320703304193264845e-27
1.372512808812548495e-27
1.424322313431832146e-27
1.476131818051115796e-27
1.527941322670399266e-27
