1.788127495354590299e-29
5.426042054869101443e-29
9.063956614383613427e-29
1.270187117389812317e-28
1.633978573341263515e-28
1.997770029292714714e-28
2.361561485244165912e-28
2.725352941195617111e-28
3.089144397147068309e-28
3.452935853098519508e-28
3.816727309049970706e-28
4.180518765001421456e-28
4.544310220952872206e-28
4.908101676904323853e-28
5.271893132855774603e-28
5.635684588807226250e-28
5.999476044758677000e-28
6.363267500710127750e-28
6.727058956661579397e-28
7.090850412613030147e-28
7.454641868564481794e-28
7.818433324515932544e-28
8.182224780467385087e-28
8.546016236418836734e-28
8.909807692370286587e-28
9.273599148321738234e-28
9.637390604273189881e-28
1.000118206022463973e-27
1.036497351617609138e-27
1.072876497212754303e-27
