1.232863295662840542e-29
3.741102414425171398e-29
6.249341533187502534e-29
8.757580651949833109e-29
1.126581977071216368e-28
1.377405888947449538e-28
1.628229800823682708e-28
1.879053712699915653e-28
2.129877624576148823e-28
2.380701536452381768e-28
2.631525448328614714e-28
2.882349360204847659e-28
3.133173272081081053e-28
3.383997183957313998e-28
3.634821095833546944e-28
3.885645007709780337e-28
4.136468919586013283e-28
4.387292831462246677e-28
4.638116743338480071e-28
4.888940655214712568e-28
5.139764567090945961e-28
5.390588478967179355e-28
5.641412390843411852e-28
5.892236302719645246e-28
6.143060214595878640e-28
6.393884126472111137e-28
6.644708038348344531e-28
6.895531950224577925e-28
7.146355862100810422e-28
7.397179773977043815e-28
