1.237646419388577635e-29
3.755616720903270143e-29
6.273587022417963351e-29
8.791557323932655438e-29
1.130952762544734865e-28
1.382749792696204185e-28
1.634546822847673282e-28
1.886343852999142603e-28
2.138140883150611699e-28
2.389937913302081020e-28
2.641734943453550341e-28
2.893531973605019662e-28
3.145329003756488534e-28
3.397126033907957855e-28
3.648923064059427176e-28
3.900720094210896497e-28
4.152517124362365818e-28
4.404314154513834690e-28
4.656111184665304459e-28
4.907908214816773332e-28
5.159705244968243101e-28
5.411502275119711973e-28
5.663299305271181742e-28
5.915096335422650615e-28
6.166893365574119487e-28
6.418690395725589257e-28
6.670487425877058129e-28
6.922284456028527898e-28
7.174081486179996771e-28
7.425878516331466540e-28
