4.922594773780913130e-29
1.493752896871449656e-28
2.495246316364808168e-28
3.496739735858166231e-28
4.498233155351525190e-28
5.499726574844883253e-28
6.501219994338241316e-28
7.502713413831600276e-28
8.504206833324958339e-28
9.505700252818318196e-28
1.050719367231167626e-27
1.150868709180503432e-27
1.251018051129839238e-27
1.351167393079175045e-27
1.451316735028511030e-27
1.551466076977846837e-27
1.651615418927182643e-27
1.751764760876518270e-27
1.851914102825854256e-27
1.952063444775189883e-27
2.052212786724525868e-27
2.152362128673861495e-27
2.252511470623197481e-27
2.352660812572533466e-27
2.452810154521869093e-27
2.552959496471205079e-27
2.653108838420540706e-27
2.753258180369876692e-27
2.853407522319212677e-27
2.953556864268548304e-27
