2.582529499346022261e-29
7.836641239394826559e-29
1.309075297944363086e-28
1.834486471949243515e-28
2.359897645954123945e-28
2.885308819959004599e-28
3.410719993963884805e-28
3.936131167968765010e-28
4.461542341973645216e-28
4.986953515978525870e-28
5.512364689983406524e-28
6.037775863988287178e-28
6.563187037993167832e-28
7.088598211998048485e-28
7.614009386002927346e-28
8.139420560007808000e-28
8.664831734012688654e-28
9.190242908017569308e-28
9.715654082022449962e-28
1.024106525602733062e-27
1.076647643003221127e-27
1.129188760403709013e-27
1.181729877804197078e-27
1.234270995204685144e-27
1.286812112605173209e-27
1.339353230005661275e-27
1.391894347406149340e-27
1.444435464806637405e-27
1.496976582207125291e-27
1.549517699607613536e-27
