1.165686870991647353e-29
3.537256711974654132e-29
5.908826552957660491e-29
8.280396393940667411e-29
1.065196623492367433e-28
1.302353607590668013e-28
1.539510591688968593e-28
1.776667575787269397e-28
2.013824559885569977e-28
2.250981543983871005e-28
2.488138528082171585e-28
2.725295512180472165e-28
2.962452496278772744e-28
3.199609480377073324e-28
3.436766464475374353e-28
3.673923448573674932e-28
3.911080432671975512e-28
4.148237416770275644e-28
4.385394400868577120e-28
4.622551384966877700e-28
4.859708369065178280e-28
5.096865353163478860e-28
5.334022337261779440e-28
5.571179321360080020e-28
5.808336305458380599e-28
6.045493289556681179e-28
6.282650273654981759e-28
6.519807257753283236e-28
6.756964241851583816e-28
6.994121225949884396e-28
