1.172163432038568988e-29
3.556909724806692372e-29
5.941656017574816596e-29
8.326402310342939700e-29
1.071114860311106392e-28
1.309589489587918815e-28
1.548064118864731013e-28
1.786538748141543436e-28
2.025013377418355858e-28
2.263488006695168056e-28
2.501962635971980703e-28
2.740437265248792901e-28
2.978911894525605100e-28
3.217386523802417746e-28
3.455861153079229944e-28
3.694335782356042591e-28
3.932810411632854789e-28
4.171285040909666539e-28
4.409759670186478738e-28
4.648234299463291833e-28
4.886708928740104031e-28
5.125183558016916229e-28
5.363658187293728427e-28
5.602132816570540626e-28
5.840607445847352824e-28
6.079082075124165919e-28
6.317556704400978117e-28
6.556031333677790316e-28
6.794505962954602514e-28
7.032980592231414712e-28
