1.482980362286707667e-29
4.500078340732079481e-29
7.517176319177451295e-29
1.053427429762282199e-28
1.355137227606819492e-28
1.656847025451356786e-28
1.958556823295893855e-28
2.260266621140430925e-28
2.561976418984968218e-28
2.863686216829505512e-28
3.165396014674042805e-28
3.467105812518579650e-28
3.768815610363116944e-28
4.070525408207654686e-28
4.372235206052191531e-28
4.673945003896728376e-28
4.975654801741265221e-28
5.277364599585802066e-28
5.579074397430340705e-28
5.880784195274877550e-28
6.182493993119414395e-28
6.484203790963951240e-28
6.785913588808488085e-28
7.087623386653026724e-28
7.389333184497563569e-28
7.691042982342100414e-28
7.992752780186637260e-28
8.294462578031174105e-28
8.596172375875710950e-28
8.897882173720247795e-28
