1.587652884742626130e-29
4.817705305425899498e-29
8.047757726109172305e-29
1.127781014679244679e-28
1.450786256747571904e-28
1.773791498815899129e-28
2.096796740884226802e-28
2.419801982952554027e-28
2.742807225020881251e-28
3.065812467089208476e-28
3.388817709157535701e-28
3.711822951225863374e-28
4.034828193294190598e-28
4.357833435362517823e-28
4.680838677430845496e-28
5.003843919499172272e-28
5.326849161567499946e-28
5.649854403635827619e-28
5.972859645704154395e-28
6.295864887772482068e-28
6.618870129840808844e-28
6.941875371909136517e-28
7.264880613977464190e-28
7.587885856045790967e-28
7.910891098114118640e-28
8.233896340182446313e-28
8.556901582250773986e-28
8.879906824319101659e-28
9.202912066387429332e-28
9.525917308455757005e-28
