1.245628727201181483e-29
3.779838896334619809e-29
6.314049065468057434e-29
8.848259234601495620e-29
1.138246940373493381e-28
1.391667957286837199e-28
1.645088974200181018e-28
1.898509991113524836e-28
2.151931008026868879e-28
2.405352024940212698e-28
2.658773041853556516e-28
2.912194058766900335e-28
3.165615075680244153e-28
3.419036092593587972e-28
3.672457109506931790e-28
3.925878126420275609e-28
4.179299143333619427e-28
4.432720160246963246e-28
4.686141177160307065e-28
4.939562194073650883e-28
5.192983210986994702e-28
5.446404227900338520e-28
5.699825244813682339e-28
5.953246261727026157e-28
6.206667278640369976e-28
6.460088295553713795e-28
6.713509312467057613e-28
6.966930329380401432e-28
7.220351346293745250e-28
7.473772363207089069e-28
