1.574599054022216796e-29
4.778093681170865437e-29
7.981588308319513518e-29
1.118508293546816328e-28
1.438857756261681080e-28
1.759207218976546056e-28
2.079556681691411032e-28
2.399906144406275560e-28
2.720255607121140537e-28
3.040605069836005513e-28
3.360954532550870489e-28
3.681303995265735017e-28
4.001653457980599993e-28
4.322002920695464969e-28
4.642352383410329497e-28
4.962701846125194922e-28
5.283051308840059449e-28
5.603400771554923977e-28
5.923750234269789402e-28
6.244099696984653930e-28
6.564449159699519354e-28
6.884798622414383882e-28
7.205148085129248410e-28
7.525497547844113835e-28
7.845847010558978362e-28
8.166196473273842890e-28
8.486545935988708315e-28
8.806895398703573739e-28
9.127244861418437370e-28
9.447594324133302795e-28
