1.268863352941693164e-29
3.850343967547206957e-29
6.431824582152719910e-29
9.013305196758232863e-29
1.159478581136374806e-28
1.417626642596926213e-28
1.675774704057477396e-28
1.933922765518028804e-28
2.192070826978579987e-28
2.450218888439131394e-28
2.708366949899682802e-28
2.966515011360234209e-28
3.224663072820785168e-28
3.482811134281336575e-28
3.740959195741887983e-28
3.999107257202439390e-28
4.257255318662991246e-28
4.515403380123542653e-28
4.773551441584094061e-28
5.031699503044645468e-28
5.289847564505196875e-28
5.547995625965748283e-28
5.806143687426299690e-28
6.064291748886851098e-28
6.322439810347401608e-28
6.580587871807953016e-28
6.838735933268504423e-28
7.096883994729055830e-28
7.355032056189607238e-28
7.613180117650159542e-28
