1.201183013759733291e-29
3.644969145201949162e-29
6.088755276644165734e-29
8.532541408086381745e-29
1.097632753952859664e-28
1.342011367097081153e-28
1.586389980241302866e-28
1.830768593385524579e-28
2.075147206529746068e-28
2.319525819673967557e-28
2.563904432818189046e-28
2.808283045962410983e-28
3.052661659106632472e-28
3.297040272250853961e-28
3.541418885395075899e-28
3.785797498539297388e-28
4.030176111683518877e-28
4.274554724827741263e-28
4.518933337971962303e-28
4.763311951116184241e-28
5.007690564260405281e-28
5.252069177404627219e-28
5.496447790548849156e-28
5.740826403693070197e-28
5.985205016837292134e-28
6.229583629981514072e-28
6.473962243125735112e-28
6.718340856269957050e-28
6.962719469414178987e-28
7.207098082558400028e-28
