1.340663945083580518e-29
4.068221626460520732e-29
6.795779307837460106e-29
9.523336989214400602e-29
1.225089467059134110e-28
1.497845235196828047e-28
1.770601003334522209e-28
2.043356771472216146e-28
2.316112539609910084e-28
2.588868307747604021e-28
2.861624075885297958e-28
3.134379844022991896e-28
3.407135612160686282e-28
3.679891380298380219e-28
3.952647148436074156e-28
4.225402916573767645e-28
4.498158684711462031e-28
4.770914452849156417e-28
5.043670220986849906e-28
5.316425989124544292e-28
5.589181757262237781e-28
5.861937525399932167e-28
6.134693293537625656e-28
6.407449061675320041e-28
6.680204829813014427e-28
6.952960597950707916e-28
7.225716366088402302e-28
7.498472134226095791e-28
7.771227902363790177e-28
8.043983670501483666e-28
