3.879449369655722380e+07
3.879449369655387104e+07
3.879449369654702395e+07
3.879449369653718174e+07
3.879449369652383029e+07
3.879449369650758058e+07
3.879449369648697227e+07
3.879449369646342844e+07
3.879449369643626362e+07
3.879449369640599191e+07
3.879449369637255371e+07
3.879449369633578509e+07
3.879449369629556686e+07
3.879449369625207037e+07
3.879449369620564580e+07
3.879449369615546614e+07
3.879449369610233605e+07
3.879449369604572654e+07
3.879449369598599523e+07
3.879449369592317194e+07
3.879449369585703313e+07
3.879449369578730315e+07
3.879449369571452588e+07
3.879449369563727081e+07
3.879449369555665553e+07
3.879449369547350705e+07
3.879449369538663328e+07
3.879449369529754668e+07
3.879449369520447403e+07
3.879449369510788471e+07
