1.434398355307358503e+07
1.434398355307309330e+07
1.434398355307207257e+07
1.434398355307066254e+07
1.434398355306871608e+07
1.434398355306639336e+07
1.434398355306356028e+07
1.434398355306024104e+07
1.434398355305651762e+07
1.434398355305235460e+07
1.434398355304767378e+07
1.434398355304234102e+07
1.434398355303669162e+07
1.434398355303040706e+07
1.434398355302366242e+07
1.434398355301660113e+07
1.434398355300891772e+07
1.434398355300075002e+07
1.434398355299220607e+07
1.434398355298305489e+07
1.434398355297364108e+07
1.434398355296343379e+07
1.434398355295298807e+07
1.434398355294197798e+07
1.434398355293065868e+07
1.434398355291866884e+07
1.434398355290628783e+07
1.434398355289350636e+07
1.434398355288008787e+07
1.434398355286614597e+07
