3.398705493608904071e+06
3.398705493608828634e+06
3.398705493608661462e+06
3.398705493608404417e+06
3.398705493608091027e+06
3.398705493607666343e+06
3.398705493607173208e+06
3.398705493606597651e+06
3.398705493605932221e+06
3.398705493605192751e+06
3.398705493604329415e+06
3.398705493603426963e+06
3.398705493602443021e+06
3.398705493601344060e+06
3.398705493600206450e+06
3.398705493598923087e+06
3.398705493597584777e+06
3.398705493596166838e+06
3.398705493594669271e+06
3.398705493593072053e+06
3.398705493591398001e+06
3.398705493589653634e+06
3.398705493587843142e+06
3.398705493585894350e+06
3.398705493583901785e+06
3.398705493581845891e+06
3.398705493579674046e+06
3.398705493577410001e+06
3.398705493575024884e+06
3.398705493572642095e+06
