8.948584457244258374e+06
8.948584457243310288e+06
8.948584457241415977e+06
8.948584457238525152e+06
8.948584457234665751e+06
8.948584457229990512e+06
8.948584457224229351e+06
8.948584457217667252e+06
8.948584457210158929e+06
8.948584457201646641e+06
8.948584457192247733e+06
8.948584457181744277e+06
8.948584457170454785e+06
8.948584457158209756e+06
8.948584457144968212e+06
8.948584457130787894e+06
8.948584457115698606e+06
8.948584457099786028e+06
8.948584457082731649e+06
8.948584457064824179e+06
8.948584457046005875e+06
8.948584457026112825e+06
8.948584457005351782e+06
8.948584456983467564e+06
8.948584456960864365e+06
8.948584456937525421e+06
8.948584456912880763e+06
8.948584456887263805e+06
8.948584456860888749e+06
8.948584456833431497e+06
