1.642448062873736955e+07
1.642448062873505056e+07
1.642448062873051129e+07
1.642448062872371823e+07
1.642448062871445343e+07
1.642448062870291248e+07
1.642448062868913263e+07
1.642448062867285870e+07
1.642448062865434401e+07
1.642448062863342836e+07
1.642448062861075997e+07
1.642448062858515419e+07
1.642448062855754420e+07
1.642448062852774933e+07
1.642448062849591672e+07
1.642448062846150622e+07
1.642448062842442840e+07
1.642448062838521972e+07
1.642448062834360451e+07
1.642448062830025516e+07
1.642448062825445272e+07
1.642448062820596062e+07
1.642448062815509550e+07
1.642448062810215726e+07
1.642448062804704346e+07
1.642448062798953056e+07
1.642448062792953476e+07
1.642448062786745839e+07
1.642448062780319154e+07
1.642448062773668207e+07
