2.650224455447048694e+07
2.650224455446856841e+07
2.650224455446449295e+07
2.650224455445836112e+07
2.650224455445018783e+07
2.650224455443998426e+07
2.650224455442776531e+07
2.650224455441367999e+07
2.650224455439737067e+07
2.650224455437916517e+07
2.650224455435869470e+07
2.650224455433675647e+07
2.650224455431251228e+07
2.650224455428608879e+07
2.650224455425744876e+07
2.650224455422709137e+07
2.650224455419500917e+07
2.650224455416066200e+07
2.650224455412422866e+07
2.650224455408596247e+07
2.650224455404510722e+07
2.650224455400206894e+07
2.650224455395733193e+07
2.650224455391122773e+07
2.650224455386240408e+07
2.650224455381191894e+07
2.650224455375904590e+07
2.650224455370392650e+07
2.650224455364727601e+07
2.650224455358896032e+07
