5.127629475649991632e+07
5.127629475649753213e+07
5.127629475649263710e+07
5.127629475648532808e+07
5.127629475647556782e+07
5.127629475646309555e+07
5.127629475644832850e+07
5.127629475643104315e+07
5.127629475641076267e+07
5.127629475638813525e+07
5.127629475636297464e+07
5.127629475633542240e+07
5.127629475630577654e+07
5.127629475627350062e+07
5.127629475623884797e+07
5.127629475620180368e+07
5.127629475616255403e+07
5.127629475612057000e+07
5.127629475607564300e+07
5.127629475602841377e+07
5.127629475597972423e+07
5.127629475592737645e+07
5.127629475587297976e+07
5.127629475581678748e+07
5.127629475575701147e+07
5.127629475569579005e+07
5.127629475563111156e+07
5.127629475556425750e+07
5.127629475549568236e+07
5.127629475542493910e+07
