3.930666942525809258e+07
3.930666942525684834e+07
3.930666942525448650e+07
3.930666942525097728e+07
3.930666942524632812e+07
3.930666942524041981e+07
3.930666942523366213e+07
3.930666942522542179e+07
3.930666942521611601e+07
3.930666942520599812e+07
3.930666942519443482e+07
3.930666942518169433e+07
3.930666942516765743e+07
3.930666942515259236e+07
3.930666942513629049e+07
3.930666942511881888e+07
3.930666942510023713e+07
3.930666942508029938e+07
3.930666942505938560e+07
3.930666942503703386e+07
3.930666942501364648e+07
3.930666942498887330e+07
3.930666942496254295e+07
3.930666942493513227e+07
3.930666942490707338e+07
3.930666942487812042e+07
3.930666942484824359e+07
3.930666942481754720e+07
3.930666942478460073e+07
3.930666942475105822e+07
