1.547252331288989168e+06
1.547252331288231537e+06
1.547252331286704866e+06
1.547252331284395186e+06
1.547252331281334627e+06
1.547252331277481513e+06
1.547252331272880314e+06
1.547252331267497037e+06
1.547252331261348678e+06
1.547252331254440127e+06
1.547252331246745307e+06
1.547252331238292856e+06
1.547252331229059491e+06
1.547252331219076412e+06
1.547252331208303338e+06
1.547252331196777523e+06
1.547252331184482668e+06
1.547252331171405502e+06
1.547252331157578155e+06
1.547252331142951036e+06
1.547252331127574667e+06
1.547252331111425534e+06
1.547252331094505033e+06
1.547252331076808739e+06
1.547252331058375537e+06
1.547252331039137440e+06
1.547252331019139383e+06
1.547252330998383462e+06
1.547252330976848956e+06
1.547252330954551930e+06
