4.999943245624464005e+06
4.999943245624260977e+06
4.999943245623846538e+06
4.999943245623225346e+06
4.999943245622391813e+06
4.999943245621366426e+06
4.999943245620116591e+06
4.999943245618638583e+06
4.999943245616969652e+06
4.999943245615125634e+06
4.999943245613059029e+06
4.999943245610781945e+06
4.999943245608337224e+06
4.999943245605598204e+06
4.999943245602675714e+06
4.999943245599592105e+06
4.999943245596290566e+06
4.999943245592813939e+06
4.999943245589122176e+06
4.999943245585207827e+06
4.999943245581041090e+06
4.999943245576609857e+06
4.999943245572010987e+06
4.999943245567250997e+06
4.999943245562364347e+06
4.999943245557115413e+06
4.999943245551815256e+06
4.999943245546214283e+06
4.999943245540390722e+06
4.999943245534392074e+06
