1.250963690386964008e+07
1.250963690386926755e+07
1.250963690386852063e+07
1.250963690386744775e+07
1.250963690386606380e+07
1.250963690386422910e+07
1.250963690386199392e+07
1.250963690385949984e+07
1.250963690385663696e+07
1.250963690385331586e+07
1.250963690384972468e+07
1.250963690384568274e+07
1.250963690384118631e+07
1.250963690383657813e+07
1.250963690383142978e+07
1.250963690382605046e+07
1.250963690382026881e+07
1.250963690381387807e+07
1.250963690380734019e+07
1.250963690380043909e+07
1.250963690379321761e+07
1.250963690378570184e+07
1.250963690377767943e+07
1.250963690376937948e+07
1.250963690376074612e+07
1.250963690375169367e+07
1.250963690374229476e+07
1.250963690373238735e+07
1.250963690372241102e+07
1.250963690371178091e+07
