1.470618910025682766e+06
1.470618910023754230e+06
1.470618910019895528e+06
1.470618910014108289e+06
1.470618910006368998e+06
1.470618909996701637e+06
1.470618909985099919e+06
1.470618909971552435e+06
1.470618909956063144e+06
1.470618909938638797e+06
1.470618909919286380e+06
1.470618909897996346e+06
1.470618909874762874e+06
1.470618909849584568e+06
1.470618909822489833e+06
1.470618909793447470e+06
1.470618909762472846e+06
1.470618909729539882e+06
1.470618909694695380e+06
1.470618909657897661e+06
1.470618909619173501e+06
1.470618909578506136e+06
1.470618909535886487e+06
1.470618909491359955e+06
1.470618909444878343e+06
1.470618909396466333e+06
1.470618909346100641e+06
1.470618909293818753e+06
1.470618909239579458e+06
1.470618909183426294e+06
