1.400524747145704180e+07
1.400524747145630606e+07
1.400524747145484015e+07
1.400524747145252302e+07
1.400524747144946270e+07
1.400524747144560330e+07
1.400524747144104168e+07
1.400524747143572383e+07
1.400524747142959759e+07
1.400524747142265551e+07
1.400524747141507827e+07
1.400524747140655108e+07
1.400524747139720991e+07
1.400524747138729505e+07
1.400524747137619928e+07
1.400524747136460431e+07
1.400524747135241516e+07
1.400524747133924812e+07
1.400524747132541798e+07
1.400524747131067142e+07
1.400524747129519656e+07
1.400524747127917781e+07
1.400524747126238234e+07
1.400524747124483436e+07
1.400524747122641280e+07
1.400524747120726854e+07
1.400524747118727863e+07
1.400524747116660699e+07
1.400524747114513256e+07
1.400524747112271376e+07
