1.270712395386424288e+07
1.270712395386361890e+07
1.270712395386238396e+07
1.270712395386064984e+07
1.270712395385827124e+07
1.270712395385530218e+07
1.270712395385179855e+07
1.270712395384778455e+07
1.270712395384318940e+07
1.270712395383791439e+07
1.270712395383206941e+07
1.270712395382568613e+07
1.270712395381860249e+07
1.270712395381091349e+07
1.270712395380278677e+07
1.270712395379423723e+07
1.270712395378497429e+07
1.270712395377513207e+07
1.270712395376469381e+07
1.270712395375352539e+07
1.270712395374177210e+07
1.270712395372951590e+07
1.270712395371667482e+07
1.270712395370341651e+07
1.270712395368934982e+07
1.270712395367496833e+07
1.270712395365990512e+07
1.270712395364424959e+07
1.270712395362798870e+07
1.270712395361088961e+07
