6.563400528920801356e+06
6.563400528920428827e+06
6.563400528919674456e+06
6.563400528918497264e+06
6.563400528916948475e+06
6.563400528915075585e+06
6.563400528912794776e+06
6.563400528910180554e+06
6.563400528907161206e+06
6.563400528903705999e+06
6.563400528899829835e+06
6.563400528895656578e+06
6.563400528891048394e+06
6.563400528885994107e+06
6.563400528880636208e+06
6.563400528874906711e+06
6.563400528868881054e+06
6.563400528862396255e+06
6.563400528855431825e+06
6.563400528848172165e+06
6.563400528840550222e+06
6.563400528832461685e+06
6.563400528824090958e+06
6.563400528815425001e+06
6.563400528806172311e+06
6.563400528796646744e+06
6.563400528786624782e+06
6.563400528776330873e+06
6.563400528765654191e+06
6.563400528754526749e+06
