7.470764784971766174e+07
7.470764784971037507e+07
7.470764784969614446e+07
7.470764784967382252e+07
7.470764784964403510e+07
7.470764784960693121e+07
7.470764784956346452e+07
7.470764784951420128e+07
7.470764784945584834e+07
7.470764784939080477e+07
7.470764784931835532e+07
7.470764784923784435e+07
7.470764784914913774e+07
7.470764784905368090e+07
7.470764784895202518e+07
7.470764784884178638e+07
7.470764784872639179e+07
7.470764784860296547e+07
7.470764784847113490e+07
7.470764784833379090e+07
7.470764784818805754e+07
7.470764784803318977e+07
7.470764784787288308e+07
7.470764784770628810e+07
7.470764784753121436e+07
7.470764784735003114e+07
7.470764784716047347e+07
7.470764784696389735e+07
7.470764784675937891e+07
7.470764784654872119e+07
