8.074537675183553249e+06
8.074537675183079205e+06
8.074537675182065926e+06
8.074537675180537626e+06
8.074537675178536214e+06
8.074537675176043995e+06
8.074537675172991119e+06
8.074537675169426017e+06
8.074537675165392458e+06
8.074537675160805695e+06
8.074537675155739300e+06
8.074537675150136463e+06
8.074537675144217908e+06
8.074537675137785263e+06
8.074537675130641088e+06
8.074537675122974440e+06
8.074537675114916638e+06
8.074537675106372684e+06
8.074537675097276457e+06
8.074537675087762065e+06
8.074537675077701919e+06
8.074537675067128614e+06
8.074537675055937842e+06
8.074537675044325180e+06
8.074537675032244064e+06
8.074537675019617192e+06
8.074537675006522797e+06
8.074537674992891029e+06
8.074537674978769384e+06
8.074537674964216538e+06
