7.341822205635273457e+07
7.341822205634938180e+07
7.341822205634245276e+07
7.341822205633157492e+07
7.341822205631740391e+07
7.341822205630004406e+07
7.341822205627886951e+07
7.341822205625423789e+07
7.341822205622570217e+07
7.341822205619412661e+07
7.341822205615849793e+07
7.341822205612036586e+07
7.341822205607821047e+07
7.341822205603218079e+07
7.341822205598317087e+07
7.341822205592988431e+07
7.341822205587255955e+07
7.341822205581250787e+07
7.341822205574953556e+07
7.341822205568243563e+07
7.341822205561088026e+07
7.341822205553743243e+07
7.341822205546037853e+07
7.341822205537778139e+07
7.341822205529217422e+07
7.341822205520431697e+07
7.341822205511322618e+07
7.341822205501726270e+07
7.341822205491866171e+07
7.341822205481643975e+07
