1.829610957572247833e+07
1.829610957572003081e+07
1.829610957571510226e+07
1.829610957570798695e+07
1.829610957569848001e+07
1.829610957568629459e+07
1.829610957567182928e+07
1.829610957565477118e+07
1.829610957563548163e+07
1.829610957561326772e+07
1.829610957558875158e+07
1.829610957556220144e+07
1.829610957553337142e+07
1.829610957550163195e+07
1.829610957546767965e+07
1.829610957543101162e+07
1.829610957539192215e+07
1.829610957535107061e+07
1.829610957530707493e+07
1.829610957526092231e+07
1.829610957521217689e+07
1.829610957516070828e+07
1.829610957510728389e+07
1.829610957505135611e+07
1.829610957499269396e+07
1.829610957493188605e+07
1.829610957486877590e+07
1.829610957480326667e+07
1.829610957473498955e+07
1.829610957466422021e+07
