9.476426140698228031e+06
9.476426140697019175e+06
9.476426140694689006e+06
9.476426140691190958e+06
9.476426140686461702e+06
9.476426140680460259e+06
9.476426140673298389e+06
9.476426140665126964e+06
9.476426140655586496e+06
9.476426140644920990e+06
9.476426140633072704e+06
9.476426140619961545e+06
9.476426140605680645e+06
9.476426140590099618e+06
9.476426140573507175e+06
9.476426140555702150e+06
9.476426140536779538e+06
9.476426140516562387e+06
9.476426140495080501e+06
9.476426140472631902e+06
9.476426140448808670e+06
9.476426140423862264e+06
9.476426140397677198e+06
9.476426140370303765e+06
9.476426140341900289e+06
9.476426140312161297e+06
9.476426140281168744e+06
9.476426140249121934e+06
9.476426140215653926e+06
9.476426140181329101e+06
