1.460461484643958509e+06
1.460461484642494237e+06
1.460461484639575239e+06
1.460461484635169152e+06
1.460461484629289713e+06
1.460461484621948097e+06
1.460461484613138251e+06
1.460461484602851328e+06
1.460461484591105720e+06
1.460461484577860683e+06
1.460461484563156031e+06
1.460461484546984080e+06
1.460461484529330162e+06
1.460461484510221286e+06
1.460461484489634167e+06
1.460461484467577888e+06
1.460461484444038244e+06
1.460461484419052955e+06
1.460461484392570332e+06
1.460461484364625765e+06
1.460461484335209709e+06
1.460461484304328915e+06
1.460461484271962196e+06
1.460461484238132834e+06
1.460461484202833381e+06
1.460461484166063368e+06
1.460461484127808595e+06
1.460461484088106547e+06
1.460461484046909725e+06
1.460461484004249796e+06
