3.260653862582091242e+07
3.260653862581971288e+07
3.260653862581718341e+07
3.260653862581379712e+07
3.260653862580893189e+07
3.260653862580290064e+07
3.260653862579547241e+07
3.260653862578693777e+07
3.260653862577728927e+07
3.260653862576631457e+07
3.260653862575400993e+07
3.260653862574055791e+07
3.260653862572573870e+07
3.260653862570978329e+07
3.260653862569262087e+07
3.260653862567461282e+07
3.260653862565498799e+07
3.260653862563435733e+07
3.260653862561203167e+07
3.260653862558868527e+07
3.260653862556426972e+07
3.260653862553884834e+07
3.260653862551201507e+07
3.260653862548431754e+07
3.260653862545507774e+07
3.260653862542460114e+07
3.260653862539304420e+07
3.260653862535991520e+07
3.260653862532615662e+07
3.260653862529038638e+07
