2.703146655768851284e+06
2.703146655768639874e+06
2.703146655768226832e+06
2.703146655767592136e+06
2.703146655766739976e+06
2.703146655765668023e+06
2.703146655764382798e+06
2.703146655762877315e+06
2.703146655761149246e+06
2.703146655759221409e+06
2.703146655757113360e+06
2.703146655754715670e+06
2.703146655752156395e+06
2.703146655749364756e+06
2.703146655746369623e+06
2.703146655743155628e+06
2.703146655739726033e+06
2.703146655736097600e+06
2.703146655732206535e+06
2.703146655728105921e+06
2.703146655723867472e+06
2.703146655719367787e+06
2.703146655714631546e+06
2.703146655709689949e+06
2.703146655704577453e+06
2.703146655699194409e+06
2.703146655693616252e+06
2.703146655687855091e+06
2.703146655681828968e+06
2.703146655675631016e+06
