2.121041885313783586e+07
2.121041885313765332e+07
2.121041885313728824e+07
2.121041885313674062e+07
2.121041885313592851e+07
2.121041885313493758e+07
2.121041885313374549e+07
2.121041885313233361e+07
2.121041885313077271e+07
2.121041885312901437e+07
2.121041885312689096e+07
2.121041885312468559e+07
2.121041885312234238e+07
2.121041885311970860e+07
2.121041885311694443e+07
2.121041885311384127e+07
2.121041885311068222e+07
2.121041885310732201e+07
2.121041885310372710e+07
2.121041885309982300e+07
2.121041885309576616e+07
2.121041885309153050e+07
2.121041885308710113e+07
2.121041885308244452e+07
2.121041885307760909e+07
2.121041885307257995e+07
2.121041885306740925e+07
2.121041885306194425e+07
2.121041885305632651e+07
2.121041885305061564e+07
