7.119331464908644557e+07
7.119331464908343554e+07
7.119331464907738566e+07
7.119331464906820655e+07
7.119331464905531704e+07
7.119331464904047549e+07
7.119331464902268350e+07
7.119331464900112152e+07
7.119331464897666872e+07
7.119331464894860983e+07
7.119331464891922474e+07
7.119331464888547361e+07
7.119331464884898067e+07
7.119331464881013334e+07
7.119331464876736701e+07
7.119331464872154593e+07
7.119331464867234230e+07
7.119331464862030745e+07
7.119331464856468141e+07
7.119331464850659668e+07
7.119331464844554663e+07
7.119331464838062227e+07
7.119331464831423759e+07
7.119331464824353158e+07
7.119331464817002416e+07
7.119331464809380472e+07
7.119331464801356196e+07
7.119331464793170989e+07
7.119331464784595370e+07
7.119331464775906503e+07
