5.865253358268988878e+07
5.865253358268268406e+07
5.865253358266863227e+07
5.865253358264733851e+07
5.865253358261972666e+07
5.865253358258519322e+07
5.865253358254298568e+07
5.865253358249418437e+07
5.865253358243852109e+07
5.865253358237614483e+07
5.865253358230549097e+07
5.865253358222797513e+07
5.865253358214341849e+07
5.865253358205214143e+07
5.865253358195476979e+07
5.865253358184911311e+07
5.865253358173789829e+07
5.865253358161929995e+07
5.865253358149296790e+07
5.865253358135970682e+07
5.865253358122067899e+07
5.865253358107498288e+07
5.865253358092179894e+07
5.865253358076004684e+07
5.865253358059301972e+07
5.865253358041787893e+07
5.865253358023465425e+07
5.865253358004608005e+07
5.865253357985062152e+07
5.865253357964666933e+07
