4.124505349003290385e+07
4.124505349003168941e+07
4.124505349002903700e+07
4.124505349002493918e+07
4.124505349001967162e+07
4.124505349001308531e+07
4.124505349000543356e+07
4.124505348999638110e+07
4.124505348998615891e+07
4.124505348997426033e+07
4.124505348996066302e+07
4.124505348994634300e+07
4.124505348993077874e+07
4.124505348991339654e+07
4.124505348989485949e+07
4.124505348987489194e+07
4.124505348985389620e+07
4.124505348983208090e+07
4.124505348980884999e+07
4.124505348978313804e+07
4.124505348975721747e+07
4.124505348972931504e+07
4.124505348970025778e+07
4.124505348967008293e+07
4.124505348963791877e+07
4.124505348960538954e+07
4.124505348957082629e+07
4.124505348953568190e+07
4.124505348949910700e+07
4.124505348946100473e+07
