7.515158311018096283e+06
7.515158311017177999e+06
7.515158311015332118e+06
7.515158311012697406e+06
7.515158311009161174e+06
7.515158311004611664e+06
7.515158310999172740e+06
7.515158310992896557e+06
7.515158310985685326e+06
7.515158310977599584e+06
7.515158310968598351e+06
7.515158310958701186e+06
7.515158310948001221e+06
7.515158310936313123e+06
7.515158310923662968e+06
7.515158310910184868e+06
7.515158310895779170e+06
7.515158310880514793e+06
7.515158310864315368e+06
7.515158310847228393e+06
7.515158310829340480e+06
7.515158310810266994e+06
7.515158310790627263e+06
7.515158310769840144e+06
7.515158310748333111e+06
7.515158310725818388e+06
7.515158310702469200e+06
7.515158310678114183e+06
7.515158310652934015e+06
7.515158310626922175e+06
