1.360758780880161822e+08
1.360758780880082250e+08
1.360758780879920125e+08
1.360758780879678428e+08
1.360758780879351497e+08
1.360758780878953040e+08
1.360758780878469944e+08
1.360758780877903402e+08
1.360758780877278447e+08
1.360758780876568556e+08
1.360758780875773430e+08
1.360758780874894857e+08
1.360758780873944759e+08
1.360758780872896910e+08
1.360758780871757567e+08
1.360758780870557427e+08
1.360758780869273245e+08
1.360758780867924690e+08
1.360758780866450667e+08
1.360758780864917636e+08
1.360758780863284767e+08
1.360758780861590803e+08
1.360758780859851837e+08
1.360758780858010650e+08
1.360758780856076181e+08
1.360758780854087472e+08
1.360758780852006078e+08
1.360758780849829912e+08
1.360758780847581625e+08
1.360758780845263302e+08
