4.064379075203059241e+06
4.064379075201462954e+06
4.064379075198328588e+06
4.064379075193646364e+06
4.064379075187398121e+06
4.064379075179633219e+06
4.064379075170193333e+06
4.064379075159264728e+06
4.064379075146757998e+06
4.064379075132676866e+06
4.064379075116971508e+06
4.064379075099785812e+06
4.064379075081055984e+06
4.064379075060715433e+06
4.064379075038786978e+06
4.064379075015299022e+06
4.064379074990306050e+06
4.064379074963667430e+06
4.064379074935511686e+06
4.064379074905775953e+06
4.064379074874507263e+06
4.064379074841593858e+06
4.064379074807193130e+06
4.064379074771202635e+06
4.064379074733618647e+06
4.064379074694486801e+06
4.064379074653805234e+06
4.064379074611513875e+06
4.064379074567712378e+06
4.064379074522319250e+06
