3.977419563437124249e+06
3.977419563436480705e+06
3.977419563435180578e+06
3.977419563433276024e+06
3.977419563430730719e+06
3.977419563427547459e+06
3.977419563423702959e+06
3.977419563419209328e+06
3.977419563414080068e+06
3.977419563408319838e+06
3.977419563401896507e+06
3.977419563394863158e+06
3.977419563387163449e+06
3.977419563378814142e+06
3.977419563369843177e+06
3.977419563360263593e+06
3.977419563349973876e+06
3.977419563339094166e+06
3.977419563327544834e+06
3.977419563315361738e+06
3.977419563302554190e+06
3.977419563289093785e+06
3.977419563274969347e+06
3.977419563260226976e+06
3.977419563244834542e+06
3.977419563228812534e+06
3.977419563212156296e+06
3.977419563194850925e+06
3.977419563176909462e+06
3.977419563158284407e+06
