5.638098881627985276e+06
5.638098881627515890e+06
5.638098881626552902e+06
5.638098881625102833e+06
5.638098881623186171e+06
5.638098881620757282e+06
5.638098881617804989e+06
5.638098881614373066e+06
5.638098881610465236e+06
5.638098881606020033e+06
5.638098881601131521e+06
5.638098881595719606e+06
5.638098881589820608e+06
5.638098881583482027e+06
5.638098881576652639e+06
5.638098881569218822e+06
5.638098881561390124e+06
5.638098881553089246e+06
5.638098881544278003e+06
5.638098881534987129e+06
5.638098881525211968e+06
5.638098881514795125e+06
5.638098881504006684e+06
5.638098881492769346e+06
5.638098881481069140e+06
5.638098881468786858e+06
5.638098881456027739e+06
5.638098881442767568e+06
5.638098881429006346e+06
5.638098881414837204e+06
