2.480074358079787344e+07
2.480074358079579473e+07
2.480074358079156652e+07
2.480074358078515530e+07
2.480074358077662066e+07
2.480074358076563850e+07
2.480074358075277880e+07
2.480074358073759079e+07
2.480074358072058111e+07
2.480074358070136607e+07
2.480074358067966253e+07
2.480074358065625653e+07
2.480074358063078299e+07
2.480074358060320467e+07
2.480074358057350293e+07
2.480074358054111898e+07
2.480074358050701395e+07
2.480074358047025651e+07
2.480074358043167740e+07
2.480074358039028198e+07
2.480074358034721017e+07
2.480074358030196279e+07
2.480074358025502786e+07
2.480074358020566404e+07
2.480074358015431836e+07
2.480074358010069281e+07
2.480074358004482836e+07
2.480074357998706028e+07
2.480074357992701605e+07
2.480074357986437902e+07
