4.707105038617107272e+07
4.707105038616666198e+07
4.707105038615809381e+07
4.707105038614531606e+07
4.707105038612829149e+07
4.707105038610675186e+07
4.707105038608092815e+07
4.707105038605075330e+07
4.707105038601651043e+07
4.707105038597743213e+07
4.707105038593409210e+07
4.707105038588678092e+07
4.707105038583488762e+07
4.707105038577768207e+07
4.707105038571701944e+07
4.707105038565363735e+07
4.707105038558430225e+07
4.707105038551017642e+07
4.707105038543274999e+07
4.707105038535008579e+07
4.707105038526319712e+07
4.707105038517216593e+07
4.707105038507649302e+07
4.707105038497879356e+07
4.707105038487472385e+07
4.707105038476556540e+07
4.707105038465327770e+07
4.707105038453742862e+07
4.707105038441507518e+07
4.707105038428866118e+07
