1.602734298486981075e+06
1.602734298486921703e+06
1.602734298486797838e+06
1.602734298486611107e+06
1.602734298486370360e+06
1.602734298486064654e+06
1.602734298485691892e+06
1.602734298485253006e+06
1.602734298484765226e+06
1.602734298484227387e+06
1.602734298483615043e+06
1.602734298482926795e+06
1.602734298482208513e+06
1.602734298481404083e+06
1.602734298480546102e+06
1.602734298479619436e+06
1.602734298478656448e+06
1.602734298477598699e+06
1.602734298476498807e+06
1.602734298475344433e+06
1.602734298474118812e+06
1.602734298472821945e+06
1.602734298471469432e+06
1.602734298470074078e+06
1.602734298468588386e+06
1.602734298467073822e+06
1.602734298465472413e+06
1.602734298463813029e+06
1.602734298462104285e+06
1.602734298460326158e+06
