7.701741077680901624e+06
7.701741077680190094e+06
7.701741077678685077e+06
7.701741077676507644e+06
7.701741077673642896e+06
7.701741077670009807e+06
7.701741077665697783e+06
7.701741077660645358e+06
7.701741077654941007e+06
7.701741077648459002e+06
7.701741077641283162e+06
7.701741077633299865e+06
7.701741077624685131e+06
7.701741077615316957e+06
7.701741077605190687e+06
7.701741077594280243e+06
7.701741077582896687e+06
7.701741077570502646e+06
7.701741077557666227e+06
7.701741077543989755e+06
7.701741077529548667e+06
7.701741077514425851e+06
7.701741077498553321e+06
7.701741077481999993e+06
7.701741077464506961e+06
7.701741077446701005e+06
7.701741077427897602e+06
7.701741077408451587e+06
7.701741077388280071e+06
7.701741077367449179e+06
