1.091061260342224315e+07
1.091061260342140868e+07
1.091061260341975838e+07
1.091061260341728665e+07
1.091061260341397300e+07
1.091061260340983421e+07
1.091061260340507887e+07
1.091061260339926742e+07
1.091061260339284316e+07
1.091061260338539071e+07
1.091061260337709635e+07
1.091061260336810909e+07
1.091061260335815512e+07
1.091061260334760882e+07
1.091061260333611257e+07
1.091061260332369618e+07
1.091061260331058502e+07
1.091061260329659842e+07
1.091061260328170098e+07
1.091061260326595604e+07
1.091061260324960388e+07
1.091061260323227011e+07
1.091061260321411304e+07
1.091061260319527425e+07
1.091061260317545943e+07
1.091061260315486230e+07
1.091061260313364677e+07
1.091061260311132856e+07
1.091061260308831558e+07
1.091061260306446627e+07
