3.539020418389212340e+07
3.539020418388767540e+07
3.539020418387893587e+07
3.539020418386621028e+07
3.539020418384920806e+07
3.539020418382775038e+07
3.539020418380177021e+07
3.539020418377174437e+07
3.539020418373768777e+07
3.539020418369896710e+07
3.539020418365632743e+07
3.539020418360910565e+07
3.539020418355749547e+07
3.539020418350251019e+07
3.539020418344254047e+07
3.539020418337871134e+07
3.539020418330964446e+07
3.539020418323612958e+07
3.539020418315810710e+07
3.539020418307641149e+07
3.539020418298920244e+07
3.539020418289827555e+07
3.539020418280455470e+07
3.539020418270521611e+07
3.539020418260245025e+07
3.539020418249431998e+07
3.539020418238251656e+07
3.539020418226609379e+07
3.539020418214628100e+07
3.539020418202084303e+07
