1.777203943047397071e+06
1.777203943047313951e+06
1.777203943047142820e+06
1.777203943046886474e+06
1.777203943046551896e+06
1.777203943046135362e+06
1.777203943045626394e+06
1.777203943045031279e+06
1.777203943044347689e+06
1.777203943043605657e+06
1.777203943042739527e+06
1.777203943041810766e+06
1.777203943040791433e+06
1.777203943039685255e+06
1.777203943038529251e+06
1.777203943037243793e+06
1.777203943035889883e+06
1.777203943034441909e+06
1.777203943032925716e+06
1.777203943031306379e+06
1.777203943029622547e+06
1.777203943027835572e+06
1.777203943025981076e+06
1.777203943024022039e+06
1.777203943021982675e+06
1.777203943019869272e+06
1.777203943017659709e+06
1.777203943015389610e+06
1.777203943013008451e+06
1.777203943010550924e+06
