3.149818756733869016e+07
3.149818756733693555e+07
3.149818756733331084e+07
3.149818756732795388e+07
3.149818756732100248e+07
3.149818756731225550e+07
3.149818756730185077e+07
3.149818756728947535e+07
3.149818756727505475e+07
3.149818756725938246e+07
3.149818756724182516e+07
3.149818756722273678e+07
3.149818756720186397e+07
3.149818756717910618e+07
3.149818756715450436e+07
3.149818756712824479e+07
3.149818756710065156e+07
3.149818756707102805e+07
3.149818756703903526e+07
3.149818756700559705e+07
3.149818756696994975e+07
3.149818756693247333e+07
3.149818756689378247e+07
3.149818756685316935e+07
3.149818756681138650e+07
3.149818756676725298e+07
3.149818756672133878e+07
3.149818756667330116e+07
3.149818756662375480e+07
3.149818756657264754e+07
