1.426084259358945303e+07
1.426084259358826280e+07
1.426084259358580969e+07
1.426084259358198196e+07
1.426084259357694164e+07
1.426084259357072040e+07
1.426084259356322512e+07
1.426084259355449863e+07
1.426084259354461357e+07
1.426084259353316389e+07
1.426084259352057613e+07
1.426084259350667894e+07
1.426084259349134751e+07
1.426084259347495437e+07
1.426084259345737286e+07
1.426084259343849495e+07
1.426084259341836162e+07
1.426084259339703806e+07
1.426084259337450564e+07
1.426084259335064143e+07
1.426084259332556091e+07
1.426084259329917096e+07
1.426084259327114746e+07
1.426084259324206598e+07
1.426084259321169555e+07
1.426084259318040311e+07
1.426084259314767830e+07
1.426084259311373904e+07
1.426084259307887964e+07
1.426084259304212593e+07
