1.272925878541487642e+07
1.272925878541462496e+07
1.272925878541409969e+07
1.272925878541330062e+07
1.272925878541223332e+07
1.272925878541089408e+07
1.272925878540936112e+07
1.272925878540748544e+07
1.272925878540546447e+07
1.272925878540307842e+07
1.272925878540043160e+07
1.272925878539756499e+07
1.272925878539435565e+07
1.272925878539085388e+07
1.272925878538713977e+07
1.272925878538322076e+07
1.272925878537911177e+07
1.272925878537467122e+07
1.272925878536989912e+07
1.272925878536490910e+07
1.272925878535960987e+07
1.272925878535411134e+07
1.272925878534841910e+07
1.272925878534225002e+07
1.272925878533599898e+07
1.272925878532936797e+07
1.272925878532242589e+07
1.272925878531530127e+07
1.272925878530794382e+07
1.272925878530028649e+07
