1.003848850953083136e+06
1.003848850953022367e+06
1.003848850952898851e+06
1.003848850952717010e+06
1.003848850952481735e+06
1.003848850952178356e+06
1.003848850951818051e+06
1.003848850951396511e+06
1.003848850950910011e+06
1.003848850950362510e+06
1.003848850949760177e+06
1.003848850949094514e+06
1.003848850948370411e+06
1.003848850947587169e+06
1.003848850946737104e+06
1.003848850945833721e+06
1.003848850944868173e+06
1.003848850943836384e+06
1.003848850942746154e+06
1.003848850941593642e+06
1.003848850940389908e+06
1.003848850939120399e+06
1.003848850937790005e+06
1.003848850936399773e+06
1.003848850934944465e+06
1.003848850933433278e+06
1.003848850931864465e+06
1.003848850930233719e+06
1.003848850928535452e+06
1.003848850926785963e+06
