5.029455008445912041e+06
5.029455008444977924e+06
5.029455008443010040e+06
5.029455008439995348e+06
5.029455008436028846e+06
5.029455008431068622e+06
5.029455008425167762e+06
5.029455008418289013e+06
5.029455008410438895e+06
5.029455008401512168e+06
5.029455008391638286e+06
5.029455008380808868e+06
5.029455008368980139e+06
5.029455008356178179e+06
5.029455008342280053e+06
5.029455008327466436e+06
5.029455008311701007e+06
5.029455008294944651e+06
5.029455008277192712e+06
5.029455008258399554e+06
5.029455008238635957e+06
5.029455008217872120e+06
5.029455008196189068e+06
5.029455008173434995e+06
5.029455008149830624e+06
5.029455008125176653e+06
5.029455008099425584e+06
5.029455008072790690e+06
5.029455008045103401e+06
5.029455008016533218e+06
