9.371053140309836715e+06
9.371053140309171751e+06
9.371053140307869762e+06
9.371053140305906534e+06
9.371053140303209424e+06
9.371053140299946070e+06
9.371053140295937657e+06
9.371053140291268006e+06
9.371053140285868198e+06
9.371053140279756859e+06
9.371053140273207799e+06
9.371053140265865251e+06
9.371053140257848427e+06
9.371053140249185264e+06
9.371053140239955857e+06
9.371053140230007470e+06
9.371053140219217166e+06
9.371053140207841992e+06
9.371053140195861459e+06
9.371053140183227137e+06
9.371053140169916674e+06
9.371053140155948699e+06
9.371053140141215175e+06
9.371053140125898644e+06
9.371053140109913424e+06
9.371053140093291178e+06
9.371053140075815842e+06
9.371053140057792887e+06
9.371053140039110556e+06
9.371053140019807965e+06
