1.108153537534746677e+08
1.108153537534684688e+08
1.108153537534567416e+08
1.108153537534388453e+08
1.108153537534155846e+08
1.108153537533878535e+08
1.108153537533523142e+08
1.108153537533114254e+08
1.108153537532649338e+08
1.108153537532123774e+08
1.108153537531543523e+08
1.108153537530905902e+08
1.108153537530202419e+08
1.108153537529447824e+08
1.108153537528641820e+08
1.108153537527773976e+08
1.108153537526854277e+08
1.108153537525880486e+08
1.108153537524827868e+08
1.108153537523726970e+08
1.108153537522558868e+08
1.108153537521340698e+08
1.108153537520083338e+08
1.108153537518771738e+08
1.108153537517369539e+08
1.108153537515920699e+08
1.108153537514417171e+08
1.108153537512857765e+08
1.108153537511215508e+08
1.108153537509517223e+08
