2.699455230742868409e+07
2.699455230742707476e+07
2.699455230742397904e+07
2.699455230741913989e+07
2.699455230741264671e+07
2.699455230740446970e+07
2.699455230739453435e+07
2.699455230738311633e+07
2.699455230736999214e+07
2.699455230735525489e+07
2.699455230733911321e+07
2.699455230732124299e+07
2.699455230730152875e+07
2.699455230728002265e+07
2.699455230725727230e+07
2.699455230723208562e+07
2.699455230720543116e+07
2.699455230717757717e+07
2.699455230714808404e+07
2.699455230711729825e+07
2.699455230708437040e+07
2.699455230704973638e+07
2.699455230701379105e+07
2.699455230697617680e+07
2.699455230693681166e+07
2.699455230689633265e+07
2.699455230685371161e+07
2.699455230680940673e+07
2.699455230676339194e+07
2.699455230671577528e+07
