2.741577262972705439e+07
2.741577262972624227e+07
2.741577262972461432e+07
2.741577262972212210e+07
2.741577262971875072e+07
2.741577262971460447e+07
2.741577262970952690e+07
2.741577262970370054e+07
2.741577262969722226e+07
2.741577262968988717e+07
2.741577262968155369e+07
2.741577262967225164e+07
2.741577262966234237e+07
2.741577262965129316e+07
2.741577262963972986e+07
2.741577262962730974e+07
2.741577262961430848e+07
2.741577262960024923e+07
2.741577262958541140e+07
2.741577262956959009e+07
2.741577262955309451e+07
2.741577262953573465e+07
2.741577262951746210e+07
2.741577262949851155e+07
2.741577262947875634e+07
2.741577262945812568e+07
2.741577262943647429e+07
2.741577262941422313e+07
2.741577262939136103e+07
2.741577262936699018e+07
