3.808451846419154666e+06
3.808451846418994945e+06
3.808451846418650821e+06
3.808451846418119501e+06
3.808451846417438705e+06
3.808451846416578162e+06
3.808451846415597014e+06
3.808451846414384432e+06
3.808451846413010266e+06
3.808451846411449369e+06
3.808451846409734804e+06
3.808451846407826990e+06
3.808451846405790653e+06
3.808451846403583419e+06
3.808451846401207615e+06
3.808451846398646943e+06
3.808451846395910252e+06
3.808451846393023152e+06
3.808451846389917657e+06
3.808451846386651974e+06
3.808451846383211203e+06
3.808451846379669383e+06
3.808451846375840250e+06
3.808451846371934284e+06
3.808451846367866732e+06
3.808451846363582648e+06
3.808451846359098330e+06
3.808451846354504582e+06
3.808451846349675208e+06
3.808451846344732214e+06
