1.297158111431970298e+08
1.297158111431930065e+08
1.297158111431851685e+08
1.297158111431735605e+08
1.297158111431583911e+08
1.297158111431392133e+08
1.297158111431157142e+08
1.297158111430886984e+08
1.297158111430571675e+08
1.297158111430229098e+08
1.297158111429841369e+08
1.297158111429406703e+08
1.297158111428931355e+08
1.297158111428426206e+08
1.297158111427886933e+08
1.297158111427301466e+08
1.297158111426677257e+08
1.297158111426024586e+08
1.297158111425318718e+08
1.297158111424566358e+08
1.297158111423795819e+08
1.297158111422987878e+08
1.297158111422125250e+08
1.297158111421207488e+08
1.297158111420276463e+08
1.297158111419301629e+08
1.297158111418298632e+08
1.297158111417267323e+08
1.297158111416167170e+08
1.297158111415044218e+08
