1.952119469510623068e+07
1.952119469510518014e+07
1.952119469510317221e+07
1.952119469510005787e+07
1.952119469509587437e+07
1.952119469509072602e+07
1.952119469508453459e+07
1.952119469507723674e+07
1.952119469506896287e+07
1.952119469505965710e+07
1.952119469504925236e+07
1.952119469503783807e+07
1.952119469502528384e+07
1.952119469501209259e+07
1.952119469499756023e+07
1.952119469498214498e+07
1.952119469496542215e+07
1.952119469494792446e+07
1.952119469492933154e+07
1.952119469490962103e+07
1.952119469488864765e+07
1.952119469486694038e+07
1.952119469484404102e+07
1.952119469482031092e+07
1.952119469479569420e+07
1.952119469476985559e+07
1.952119469474280626e+07
1.952119469471499696e+07
1.952119469468650222e+07
1.952119469465579838e+07
