2.212882626122600958e+07
2.212882626122524217e+07
2.212882626122388616e+07
2.212882626122163236e+07
2.212882626121886820e+07
2.212882626121550426e+07
2.212882626121121272e+07
2.212882626120632887e+07
2.212882626120078564e+07
2.212882626119446009e+07
2.212882626118739694e+07
2.212882626117958501e+07
2.212882626117108762e+07
2.212882626116210222e+07
2.212882626115219668e+07
2.212882626114155352e+07
2.212882626113027707e+07
2.212882626111826301e+07
2.212882626110560447e+07
2.212882626109250262e+07
2.212882626107832789e+07
2.212882626106372476e+07
2.212882626104850322e+07
2.212882626103259996e+07
2.212882626101584733e+07
2.212882626099823043e+07
2.212882626098013669e+07
2.212882626096105948e+07
2.212882626094145328e+07
2.212882626092147827e+07
