1.460682905658372343e+08
1.460682905658336282e+08
1.460682905658261478e+08
1.460682905658151209e+08
1.460682905658000410e+08
1.460682905657809973e+08
1.460682905657585263e+08
1.460682905657325089e+08
1.460682905657018721e+08
1.460682905656675994e+08
1.460682905656302869e+08
1.460682905655880272e+08
1.460682905655414462e+08
1.460682905654919744e+08
1.460682905654399097e+08
1.460682905653818250e+08
1.460682905653202236e+08
1.460682905652551949e+08
1.460682905651852787e+08
1.460682905651126802e+08
1.460682905650378466e+08
1.460682905649573505e+08
1.460682905648733377e+08
1.460682905647864342e+08
1.460682905646969080e+08
1.460682905646026433e+08
1.460682905645034909e+08
1.460682905643997490e+08
1.460682905642932951e+08
1.460682905641819537e+08
