1.763431517651677132e+07
1.763431517651598155e+07
1.763431517651423439e+07
1.763431517651167884e+07
1.763431517650825158e+07
1.763431517650415003e+07
1.763431517649895325e+07
1.763431517649314180e+07
1.763431517648643255e+07
1.763431517647879571e+07
1.763431517647034302e+07
1.763431517646134272e+07
1.763431517645116150e+07
1.763431517644015700e+07
1.763431517642840743e+07
1.763431517641561106e+07
1.763431517640220746e+07
1.763431517638779059e+07
1.763431517637263611e+07
1.763431517635656521e+07
1.763431517633983493e+07
1.763431517632231489e+07
1.763431517630384862e+07
1.763431517628425732e+07
1.763431517626374587e+07
1.763431517624260485e+07
1.763431517622079700e+07
1.763431517619797215e+07
1.763431517617471889e+07
1.763431517615044490e+07
