1.137005170125086233e+07
1.137005170125015453e+07
1.137005170124870539e+07
1.137005170124649629e+07
1.137005170124363899e+07
1.137005170124006830e+07
1.137005170123578981e+07
1.137005170123075508e+07
1.137005170122510381e+07
1.137005170121867582e+07
1.137005170121135749e+07
1.137005170120353624e+07
1.137005170119497553e+07
1.137005170118568465e+07
1.137005170117557980e+07
1.137005170116475970e+07
1.137005170115322061e+07
1.137005170114114881e+07
1.137005170112808049e+07
1.137005170111446828e+07
1.137005170110005885e+07
1.137005170108504593e+07
1.137005170106918365e+07
1.137005170105259493e+07
1.137005170103549398e+07
1.137005170101745613e+07
1.137005170099883154e+07
1.137005170097936317e+07
1.137005170095927082e+07
1.137005170093839057e+07
