2.416269426001029909e+08
2.416269426000843644e+08
2.416269426000472903e+08
2.416269425999901295e+08
2.416269425999158323e+08
2.416269425998221636e+08
2.416269425997103751e+08
2.416269425995801687e+08
2.416269425994296074e+08
2.416269425992599428e+08
2.416269425990731418e+08
2.416269425988672972e+08
2.416269425986454189e+08
2.416269425984014571e+08
2.416269425981402099e+08
2.416269425978659391e+08
2.416269425975687802e+08
2.416269425972490907e+08
2.416269425969083905e+08
2.416269425965566635e+08
2.416269425961875021e+08
2.416269425957964957e+08
2.416269425953842998e+08
2.416269425949558616e+08
2.416269425945074260e+08
2.416269425940377116e+08
2.416269425935534537e+08
2.416269425930457711e+08
2.416269425925212502e+08
2.416269425919751525e+08
