8.899686053648322821e+07
8.899686053647918999e+07
8.899686053647136688e+07
8.899686053645883501e+07
8.899686053644269705e+07
8.899686053642237186e+07
8.899686053639784455e+07
8.899686053636753559e+07
8.899686053633424640e+07
8.899686053629638255e+07
8.899686053625510633e+07
8.899686053620846570e+07
8.899686053615902364e+07
8.899686053610627353e+07
8.899686053604836762e+07
8.899686053598491848e+07
8.899686053591661155e+07
8.899686053584541380e+07
8.899686053577016294e+07
8.899686053569078445e+07
8.899686053560565412e+07
8.899686053551870584e+07
8.899686053542642295e+07
8.899686053533257544e+07
8.899686053523229063e+07
8.899686053512971103e+07
8.899686053502145410e+07
8.899686053490869701e+07
8.899686053479382396e+07
8.899686053467348218e+07
