1.046843658539167941e+08
1.046843658539115489e+08
1.046843658539014608e+08
1.046843658538855910e+08
1.046843658538641930e+08
1.046843658538379222e+08
1.046843658538047075e+08
1.046843658537670523e+08
1.046843658537247479e+08
1.046843658536771536e+08
1.046843658536242992e+08
1.046843658535640985e+08
1.046843658535010070e+08
1.046843658534317166e+08
1.046843658533570468e+08
1.046843658532754481e+08
1.046843658531905711e+08
1.046843658531005532e+08
1.046843658530047089e+08
1.046843658529031873e+08
1.046843658527952135e+08
1.046843658526832163e+08
1.046843658525667489e+08
1.046843658524454087e+08
1.046843658523181677e+08
1.046843658521834910e+08
1.046843658520451933e+08
1.046843658519024253e+08
1.046843658517522961e+08
1.046843658515980244e+08
