1.422668927618561089e+08
1.422668927618457377e+08
1.422668927618246973e+08
1.422668927617921829e+08
1.422668927617492676e+08
1.422668927616972327e+08
1.422668927616320848e+08
1.422668927615586817e+08
1.422668927614732981e+08
1.422668927613770068e+08
1.422668927612735331e+08
1.422668927611559331e+08
1.422668927610273957e+08
1.422668927608912289e+08
1.422668927607460916e+08
1.422668927605871558e+08
1.422668927604191601e+08
1.422668927602373958e+08
1.422668927600475550e+08
1.422668927598460317e+08
1.422668927596332431e+08
1.422668927594128549e+08
1.422668927591801286e+08
1.422668927589356303e+08
1.422668927586767375e+08
1.422668927584132552e+08
1.422668927581383288e+08
1.422668927578491569e+08
1.422668927575503886e+08
1.422668927572477162e+08
