2.478312869197710454e+08
2.478312869197511971e+08
2.478312869197098911e+08
2.478312869196478724e+08
2.478312869195651710e+08
2.478312869194622338e+08
2.478312869193355143e+08
2.478312869191922843e+08
2.478312869190259576e+08
2.478312869188403785e+08
2.478312869186372459e+08
2.478312869184124768e+08
2.478312869181717336e+08
2.478312869179008603e+08
2.478312869176150262e+08
2.478312869173073471e+08
2.478312869169800282e+08
2.478312869166330099e+08
2.478312869162604511e+08
2.478312869158720374e+08
2.478312869154630601e+08
2.478312869150350690e+08
2.478312869145780206e+08
2.478312869140994251e+08
2.478312869136066735e+08
2.478312869130943716e+08
2.478312869125577509e+08
2.478312869120005369e+08
2.478312869114222527e+08
2.478312869108258188e+08
