2.950735422700102627e+07
2.950735422700052708e+07
2.950735422699945047e+07
2.950735422699795291e+07
2.950735422699585557e+07
2.950735422699330747e+07
2.950735422699020803e+07
2.950735422698638216e+07
2.950735422698219493e+07
2.950735422697729245e+07
2.950735422697206214e+07
2.950735422696636990e+07
2.950735422695987299e+07
2.950735422695302218e+07
2.950735422694556788e+07
2.950735422693727165e+07
2.950735422692882642e+07
2.950735422691960633e+07
2.950735422690977529e+07
2.950735422689962387e+07
2.950735422688914090e+07
2.950735422687770799e+07
2.950735422686583921e+07
2.950735422685365006e+07
2.950735422684095055e+07
2.950735422682750225e+07
2.950735422681368142e+07
2.950735422679954395e+07
2.950735422678467631e+07
2.950735422676869482e+07
