1.226664875806713104e+07
1.226664875806652196e+07
1.226664875806530006e+07
1.226664875806345232e+07
1.226664875806093775e+07
1.226664875805779733e+07
1.226664875805419311e+07
1.226664875804987922e+07
1.226664875804497674e+07
1.226664875803952478e+07
1.226664875803335197e+07
1.226664875802664831e+07
1.226664875801953301e+07
1.226664875801156648e+07
1.226664875800317340e+07
1.226664875799406134e+07
1.226664875798440538e+07
1.226664875797407702e+07
1.226664875796314143e+07
1.226664875795151852e+07
1.226664875793939643e+07
1.226664875792657211e+07
1.226664875791331939e+07
1.226664875789938681e+07
1.226664875788458437e+07
1.226664875786942802e+07
1.226664875785344094e+07
1.226664875783697702e+07
1.226664875782003254e+07
1.226664875780256093e+07
