2.407328260766547546e+07
2.407328260766378790e+07
2.407328260766046494e+07
2.407328260765552893e+07
2.407328260764887184e+07
2.407328260764079541e+07
2.407328260763098672e+07
2.407328260761926323e+07
2.407328260760584101e+07
2.407328260759069026e+07
2.407328260757388547e+07
2.407328260755543038e+07
2.407328260753592476e+07
2.407328260751441121e+07
2.407328260749124736e+07
2.407328260746617988e+07
2.407328260743969679e+07
2.407328260741149634e+07
2.407328260738141090e+07
2.407328260734982789e+07
2.407328260731657594e+07
2.407328260728156939e+07
2.407328260724519193e+07
2.407328260720720142e+07
2.407328260716744140e+07
2.407328260712591186e+07
2.407328260708280653e+07
2.407328260703795403e+07
2.407328260699167848e+07
2.407328260694385692e+07
