1.569131500640920550e+07
1.569131500640803203e+07
1.569131500640576519e+07
1.569131500640248507e+07
1.569131500639795698e+07
1.569131500639222376e+07
1.569131500638531893e+07
1.569131500637743436e+07
1.569131500636831112e+07
1.569131500635806844e+07
1.569131500634685159e+07
1.569131500633430295e+07
1.569131500632063113e+07
1.569131500630585104e+07
1.569131500628969260e+07
1.569131500627265684e+07
1.569131500625425018e+07
1.569131500623503327e+07
1.569131500621451996e+07
1.569131500619277544e+07
1.569131500616985187e+07
1.569131500614584237e+07
1.569131500612123497e+07
1.569131500609493256e+07
1.569131500606732443e+07
1.569131500603901222e+07
1.569131500600940175e+07
1.569131500597858243e+07
1.569131500594661571e+07
1.569131500591345690e+07
