1.312991103427717090e+08
1.312991103427658826e+08
1.312991103427542150e+08
1.312991103427364528e+08
1.312991103427122980e+08
1.312991103426814973e+08
1.312991103426455557e+08
1.312991103426024616e+08
1.312991103425547779e+08
1.312991103425003737e+08
1.312991103424410373e+08
1.312991103423759788e+08
1.312991103423024416e+08
1.312991103422254175e+08
1.312991103421404511e+08
1.312991103420502543e+08
1.312991103419553638e+08
1.312991103418547511e+08
1.312991103417456746e+08
1.312991103416321874e+08
1.312991103415127844e+08
1.312991103413858712e+08
1.312991103412549347e+08
1.312991103411154151e+08
1.312991103409698606e+08
1.312991103408202976e+08
1.312991103406642824e+08
1.312991103405028880e+08
1.312991103403354734e+08
1.312991103401639760e+08
