3.909396804349295050e+07
3.909396804348894954e+07
3.909396804348044842e+07
3.909396804346803576e+07
3.909396804345174879e+07
3.909396804343109578e+07
3.909396804340695590e+07
3.909396804337865859e+07
3.909396804334604740e+07
3.909396804330918938e+07
3.909396804326926917e+07
3.909396804322419316e+07
3.909396804317547381e+07
3.909396804312256724e+07
3.909396804306558520e+07
3.909396804300448298e+07
3.909396804293891788e+07
3.909396804286956042e+07
3.909396804279672354e+07
3.909396804271948338e+07
3.909396804263804108e+07
3.909396804255184531e+07
3.909396804246067256e+07
3.909396804236704856e+07
3.909396804226879030e+07
3.909396804216584563e+07
3.909396804205985367e+07
3.909396804195117205e+07
3.909396804183628410e+07
3.909396804171730578e+07
