4.556508513219644874e+07
4.556508513219386339e+07
4.556508513218859583e+07
4.556508513218101114e+07
4.556508513217046857e+07
4.556508513215713948e+07
4.556508513214106858e+07
4.556508513212209195e+07
4.556508513210096955e+07
4.556508513207651675e+07
4.556508513204896450e+07
4.556508513201954216e+07
4.556508513198786229e+07
4.556508513195311278e+07
4.556508513191574067e+07
4.556508513187640905e+07
4.556508513183340430e+07
4.556508513178820908e+07
4.556508513174017519e+07
4.556508513168911636e+07
4.556508513163679093e+07
4.556508513158122450e+07
4.556508513152287900e+07
4.556508513146259636e+07
4.556508513139821589e+07
4.556508513133161515e+07
4.556508513126272708e+07
4.556508513119031489e+07
4.556508513111528009e+07
4.556508513103886694e+07
