4.511664249406742305e+07
4.511664249406607449e+07
4.511664249406362325e+07
4.511664249405962229e+07
4.511664249405429512e+07
4.511664249404750019e+07
4.511664249403957278e+07
4.511664249403030425e+07
4.511664249401949346e+07
4.511664249400730431e+07
4.511664249399387836e+07
4.511664249397867918e+07
4.511664249396263808e+07
4.511664249394530058e+07
4.511664249392674863e+07
4.511664249390676618e+07
4.511664249388553947e+07
4.511664249386288971e+07
4.511664249383895844e+07
4.511664249381377548e+07
4.511664249378719926e+07
4.511664249375885725e+07
4.511664249372930825e+07
4.511664249369903654e+07
4.511664249366708845e+07
4.511664249363363534e+07
4.511664249359963834e+07
4.511664249356424809e+07
4.511664249352718890e+07
4.511664249348825961e+07
