5.115751043123630807e+06
5.115751043123272248e+06
5.115751043122578412e+06
5.115751043121529743e+06
5.115751043120135553e+06
5.115751043118390255e+06
5.115751043116262183e+06
5.115751043113746680e+06
5.115751043110945262e+06
5.115751043107802048e+06
5.115751043104195036e+06
5.115751043100354262e+06
5.115751043096078560e+06
5.115751043091523461e+06
5.115751043086511083e+06
5.115751043081192300e+06
5.115751043075527996e+06
5.115751043069477193e+06
5.115751043063085526e+06
5.115751043056413531e+06
5.115751043049331754e+06
5.115751043041961268e+06
5.115751043034122325e+06
5.115751043026031926e+06
5.115751043017439544e+06
5.115751043008589186e+06
5.115751042999425903e+06
5.115751042989864945e+06
5.115751042979937978e+06
5.115751042969704606e+06
