1.599822799311533868e+08
1.599822799311410785e+08
1.599822799311161935e+08
1.599822799310787320e+08
1.599822799310286343e+08
1.599822799309654534e+08
1.599822799308906794e+08
1.599822799308036566e+08
1.599822799307039082e+08
1.599822799305922389e+08
1.599822799304689765e+08
1.599822799303309023e+08
1.599822799301790595e+08
1.599822799300163984e+08
1.599822799298424125e+08
1.599822799296573400e+08
1.599822799294608831e+08
1.599822799292493761e+08
1.599822799290235639e+08
1.599822799287872314e+08
1.599822799285379350e+08
1.599822799282770455e+08
1.599822799280032218e+08
1.599822799277174771e+08
1.599822799274178743e+08
1.599822799271066487e+08
1.599822799267800152e+08
1.599822799264400005e+08
1.599822799260928035e+08
1.599822799257307649e+08
