7.079484014276170731e+07
7.079484014276021719e+07
7.079484014275710285e+07
7.079484014275230467e+07
7.079484014274635911e+07
7.079484014273867011e+07
7.079484014272953570e+07
7.079484014271870255e+07
7.079484014270634949e+07
7.079484014269228280e+07
7.079484014267674088e+07
7.079484014265961945e+07
7.079484014264121652e+07
7.079484014262104034e+07
7.079484014259949327e+07
7.079484014257575572e+07
7.079484014255201817e+07
7.079484014252585173e+07
7.079484014249791205e+07
7.079484014246854186e+07
7.079484014243771136e+07
7.079484014240574837e+07
7.079484014237235487e+07
7.079484014233660698e+07
7.079484014229962230e+07
7.079484014226102829e+07
7.079484014222028852e+07
7.079484014217831194e+07
7.079484014213520288e+07
7.079484014209112525e+07
