2.103007146778396517e+07
2.103007146778217703e+07
2.103007146777888015e+07
2.103007146777359769e+07
2.103007146776680276e+07
2.103007146775796264e+07
2.103007146774720401e+07
2.103007146773494408e+07
2.103007146772100031e+07
2.103007146770529449e+07
2.103007146768793464e+07
2.103007146766855568e+07
2.103007146764736623e+07
2.103007146762451157e+07
2.103007146759995073e+07
2.103007146757361665e+07
2.103007146754549816e+07
2.103007146751568466e+07
2.103007146748400107e+07
2.103007146745080128e+07
2.103007146741570160e+07
2.103007146737861633e+07
2.103007146734048426e+07
2.103007146730026603e+07
2.103007146725799516e+07
2.103007146721418202e+07
2.103007146716837958e+07
2.103007146712043509e+07
2.103007146707116812e+07
2.103007146702056006e+07
