8.672973326410154114e+05
8.672973326409506844e+05
8.672973326408136636e+05
8.672973326406060951e+05
8.672973326403296087e+05
8.672973326399875805e+05
8.672973326395791955e+05
8.672973326390966540e+05
8.672973326385471737e+05
8.672973326379265636e+05
8.672973326372386655e+05
8.672973326364838285e+05
8.672973326356621692e+05
8.672973326347636757e+05
8.672973326338075567e+05
8.672973326327688992e+05
8.672973326316691237e+05
8.672973326305004302e+05
8.672973326292609563e+05
8.672973326279527973e+05
8.672973326265813084e+05
8.672973326251357794e+05
8.672973326236238936e+05
8.672973326220400631e+05
8.672973326203937177e+05
8.672973326186711201e+05
8.672973326168856584e+05
8.672973326150254579e+05
8.672973326131062349e+05
8.672973326111056376e+05
