9.781540876708815992e+07
9.781540876708069444e+07
9.781540876706391573e+07
9.781540876703970134e+07
9.781540876700751483e+07
9.781540876696643233e+07
9.781540876691728830e+07
9.781540876686057448e+07
9.781540876679575443e+07
9.781540876672220230e+07
9.781540876663976908e+07
9.781540876655079424e+07
9.781540876645268500e+07
9.781540876634600759e+07
9.781540876623167098e+07
9.781540876611062884e+07
9.781540876598262787e+07
9.781540876584398746e+07
9.781540876569750905e+07
9.781540876554375887e+07
9.781540876538009942e+07
9.781540876520918310e+07
9.781540876503194869e+07
9.781540876484669745e+07
9.781540876465092599e+07
9.781540876444859803e+07
9.781540876423643529e+07
9.781540876401914656e+07
9.781540876379211247e+07
9.781540876355837286e+07
