1.517654401334357262e+08
1.517654401334345341e+08
1.517654401334323287e+08
1.517654401334288120e+08
1.517654401334243417e+08
1.517654401334185600e+08
1.517654401334114671e+08
1.517654401334028542e+08
1.517654401333938837e+08
1.517654401333833933e+08
1.517654401333716810e+08
1.517654401333600283e+08
1.517654401333469450e+08
1.517654401333323717e+08
1.517654401333166957e+08
1.517654401332995594e+08
1.517654401332819164e+08
1.517654401332633197e+08
1.517654401332430840e+08
1.517654401332220733e+08
1.517654401331989467e+08
1.517654401331745684e+08
1.517654401331498921e+08
1.517654401331243813e+08
1.517654401330974996e+08
1.517654401330691576e+08
1.517654401330389977e+08
1.517654401330087185e+08
1.517654401329771280e+08
1.517654401329452693e+08
