1.606038341638036259e+07
1.606038341637932882e+07
1.606038341637718305e+07
1.606038341637397185e+07
1.606038341636982746e+07
1.606038341636453941e+07
1.606038341635824181e+07
1.606038341635061055e+07
1.606038341634185985e+07
1.606038341633213684e+07
1.606038341632152535e+07
1.606038341630992107e+07
1.606038341629681736e+07
1.606038341628277861e+07
1.606038341626760177e+07
1.606038341625140794e+07
1.606038341623433121e+07
1.606038341621607728e+07
1.606038341619661078e+07
1.606038341617665067e+07
1.606038341615502350e+07
1.606038341613239236e+07
1.606038341610895656e+07
1.606038341608419828e+07
1.606038341605853848e+07
1.606038341603171825e+07
1.606038341600381210e+07
1.606038341597490944e+07
1.606038341594467685e+07
1.606038341591358557e+07
