1.673681043856595829e+07
1.673681043856422789e+07
1.673681043856072053e+07
1.673681043855528906e+07
1.673681043854811043e+07
1.673681043853928335e+07
1.673681043852861784e+07
1.673681043851615116e+07
1.673681043850191869e+07
1.673681043848595396e+07
1.673681043846832216e+07
1.673681043844857626e+07
1.673681043842737004e+07
1.673681043840407953e+07
1.673681043837919645e+07
1.673681043835225701e+07
1.673681043832337484e+07
1.673681043829290010e+07
1.673681043826056831e+07
1.673681043822651915e+07
1.673681043819097243e+07
1.673681043815399334e+07
1.673681043811467662e+07
1.673681043807340041e+07
1.673681043803063221e+07
1.673681043798565492e+07
1.673681043793935888e+07
1.673681043789116293e+07
1.673681043784115463e+07
1.673681043778923154e+07
