3.255341201587041496e-29
4.243168876551385115e-28
8.160803632944065744e-28
1.207843838933674817e-27
1.599607314572942880e-27
1.991370790212210942e-27
2.383134265851479185e-27
2.774897741490747068e-27
3.166661217130015310e-27
3.558424692769282835e-27
3.950188168408551078e-27
4.341951644047819320e-27
4.733715119687087562e-27
5.125478595326355804e-27
5.517242070965623329e-27
5.909005546604891571e-27
6.300769022244159814e-27
6.692532497883427338e-27
7.084295973522695581e-27
7.476059449161963823e-27
7.867822924801232065e-27
8.259586400440500307e-27
8.651349876079768550e-27
9.043113351719036792e-27
9.434876827358305034e-27
9.826640302997573277e-27
1.021840377863684152e-26
1.061016725427610833e-26
1.100193072991537657e-26
1.139369420555464481e-26
