2.672015579142256549e-29
3.482834099709561536e-28
6.698466641504896970e-28
9.914099183300232851e-28
1.312973172509556873e-27
1.634536426689090461e-27
1.956099680868624229e-27
2.277662935048157996e-27
2.599226189227691405e-27
2.920789443407224814e-27
3.242352697586758582e-27
3.563915951766291990e-27
3.885479205945825399e-27
4.207042460125358808e-27
4.528605714304892934e-27
4.850168968484426343e-27
5.171732222663959752e-27
5.493295476843493161e-27
5.814858731023026569e-27
6.136421985202560696e-27
6.457985239382094104e-27
6.779548493561628231e-27
7.101111747741162357e-27
7.422675001920695048e-27
7.744238256100229174e-27
8.065801510279763301e-27
8.387364764459295992e-27
8.708928018638830118e-27
9.030491272818364244e-27
9.352054526997896936e-27
