4.630162234760087893e-29
6.035176981859700787e-28
1.160733774024339391e-27
1.717949849862708433e-27
2.275165925701077835e-27
2.832382001539447236e-27
3.389598077377815562e-27
3.946814153216184963e-27
4.504030229054554365e-27
5.061246304892923766e-27
5.618462380731293168e-27
6.175678456569661852e-27
6.732894532408031253e-27
7.290110608246401372e-27
7.847326684084770056e-27
8.404542759923140175e-27
8.961758835761508860e-27
9.518974911599877544e-27
1.007619098743824766e-26
1.063340706327661635e-26
1.119062313911498647e-26
1.174783921495335515e-26
1.230505529079172383e-26
1.286227136663009395e-26
1.341948744246845977e-26
1.397670351830682989e-26
1.453391959414520000e-26
1.509113566998357012e-26
1.564835174582193737e-26
1.620556782166030749e-26
