2.323035429472659315e-29
3.027956525312637949e-28
5.823609507678010556e-28
8.619262490043381368e-28
1.141491547240875397e-27
1.421056845477412658e-27
1.700622143713949739e-27
1.980187441950487000e-27
2.259752740187024261e-27
2.539318038423561521e-27
2.818883336660098782e-27
3.098448634896636043e-27
3.378013933133172944e-27
3.657579231369710205e-27
3.937144529606247466e-27
4.216709827842784726e-27
4.496275126079321987e-27
4.775840424315859248e-27
5.055405722552396508e-27
5.334971020788933769e-27
5.614536319025471029e-27
5.894101617262008290e-27
6.173666915498545551e-27
6.453232213735082811e-27
6.732797511971620072e-27
7.012362810208158050e-27
7.291928108444694593e-27
7.571493406681232571e-27
7.851058704917769115e-27
8.130624003154307093e-27
