2.099249141452910422e-29
2.736262674031724332e-28
5.262600433918158183e-28
7.788938193804591137e-28
1.031527595369102499e-27
1.284161371357745884e-27
1.536795147346389090e-27
1.789428923335032295e-27
2.042062699323675680e-27
2.294696475312319065e-27
2.547330251300962450e-27
2.799964027289605836e-27
3.052597803278248862e-27
3.305231579266892964e-27
3.557865355255535991e-27
3.810499131244179735e-27
4.063132907232822761e-27
4.315766683221465787e-27
4.568400459210109531e-27
4.821034235198752557e-27
5.073668011187396301e-27
5.326301787176039327e-27
5.578935563164683071e-27
5.831569339153326098e-27
6.084203115141969124e-27
6.336836891130612868e-27
6.589470667119256612e-27
6.842104443107898920e-27
7.094738219096542664e-27
7.347371995085186408e-27
