3.425172650107182043e-29
4.464535385312119748e-28
8.586553505613520171e-28
1.270857162591492239e-27
1.683058974621632281e-27
2.095260786651772323e-27
2.507462598681912724e-27
2.919664410712052767e-27
3.331866222742192809e-27
3.744068034772332851e-27
4.156269846802472894e-27
4.568471658832612936e-27
4.980673470862753696e-27
5.392875282892893738e-27
5.805077094923033780e-27
6.217278906953173823e-27
6.629480718983314582e-27
7.041682531013454625e-27
7.453884343043594667e-27
7.866086155073734709e-27
8.278287967103874752e-27
8.690489779134014794e-27
9.102691591164154836e-27
9.514893403194294878e-27
9.927095215224436356e-27
1.033929702725457640e-26
1.075149883928471644e-26
1.116370065131485648e-26
1.157590246334499652e-26
1.198810427537513657e-26
