1.687133727089395549e-29
2.199091547723418867e-28
4.229469722737898684e-28
6.259847897752378052e-28
8.290226072766857421e-28
1.032060424778133679e-27
1.235098242279581616e-27
1.438136059781029553e-27
1.641173877282477489e-27
1.844211694783925426e-27
2.047249512285373363e-27
2.250287329786821300e-27
2.453325147288269237e-27
2.656362964789717174e-27
2.859400782291165110e-27
3.062438599792613047e-27
3.265476417294060625e-27
3.468514234795508562e-27
3.671552052296956499e-27
3.874589869798404436e-27
4.077627687299852373e-27
4.280665504801300310e-27
4.483703322302748246e-27
4.686741139804196183e-27
4.889778957305644120e-27
5.092816774807092057e-27
5.295854592308539994e-27
5.498892409809987931e-27
5.701930227311435867e-27
5.904968044812883804e-27
