2.112863388208332386e-29
2.754008140492239956e-28
5.296729942163647177e-28
7.839451743835053950e-28
1.038217354550645983e-27
1.292489534717786660e-27
1.546761714884927337e-27
1.801033895052068373e-27
2.055306075219208871e-27
2.309578255386349369e-27
2.563850435553490226e-27
2.818122615720631083e-27
3.072394795887771581e-27
3.326666976054911720e-27
3.580939156222052935e-27
3.835211336389193433e-27
4.089483516556333931e-27
4.343755696723474429e-27
4.598027876890614927e-27
4.852300057057756142e-27
5.106572237224896640e-27
5.360844417392037138e-27
5.615116597559178354e-27
5.869388777726318852e-27
6.123660957893459350e-27
6.377933138060599847e-27
6.632205318227740345e-27
6.886477498394880843e-27
7.140749678562022776e-27
7.395021858729163274e-27
