2.242865709921811378e-29
2.923459442587740236e-28
5.622632314183299391e-28
8.321805185778858545e-28
1.102097805737441860e-27
1.372015092896997865e-27
1.641932380056553511e-27
1.911849667216109516e-27
2.181766954375665521e-27
2.451684241535221527e-27
2.721601528694777532e-27
2.991518815854333178e-27
3.261436103013888824e-27
3.531353390173445188e-27
3.801270677333000835e-27
4.071187964492557199e-27
4.341105251652112845e-27
4.611022538811668491e-27
4.880939825971224855e-27
5.150857113130780502e-27
5.420774400290336865e-27
5.690691687449892512e-27
5.960608974609448158e-27
6.230526261769004522e-27
6.500443548928559451e-27
6.770360836088116532e-27
7.040278123247672179e-27
7.310195410407227825e-27
7.580112697566783472e-27
7.850029984726339118e-27
