1.867358721079272664e-29
2.434005505406776333e-28
4.681275138705624840e-28
6.928544772004473794e-28
9.175814405303322749e-28
1.142308403860217081e-27
1.367035367190102066e-27
1.591762330519987051e-27
1.816489293849872036e-27
2.041216257179756842e-27
2.265943220509641648e-27
2.490670183839526812e-27
2.715397147169411618e-27
2.940124110499296424e-27
3.164851073829181588e-27
3.389578037159066394e-27
3.614305000488951200e-27
3.839031963818836006e-27
4.063758927148720812e-27
4.288485890478605617e-27
4.513212853808490423e-27
4.737939817138375946e-27
4.962666780468260752e-27
5.187393743798145558e-27
5.412120707128030364e-27
5.636847670457915170e-27
5.861574633787799975e-27
6.086301597117684781e-27
6.311028560447570305e-27
6.535755523777455110e-27
