3.257942963258183901e-29
4.246560138315838755e-28
8.167325980305859904e-28
1.208809182229587926e-27
1.600885766428590041e-27
1.992962350627591977e-27
2.385038934826594091e-27
2.777115519025596206e-27
3.169192103224598321e-27
3.561268687423600436e-27
3.953345271622602192e-27
4.345421855821604666e-27
4.737498440020606422e-27
5.129575024219608896e-27
5.521651608418610652e-27
5.913728192617613126e-27
6.305804776816614882e-27
6.697881361015616638e-27
7.089957945214619112e-27
7.482034529413621586e-27
7.874111113612622624e-27
8.266187697811625098e-27
8.658264282010627572e-27
9.050340866209630045e-27
9.442417450408631084e-27
9.834494034607633558e-27
1.022657061880663603e-26
1.061864720300563707e-26
1.101072378720463954e-26
1.140280037140364202e-26
