2.153195508600953866e-29
2.806578973279863858e-28
5.397838395699632442e-28
7.989097818119401474e-28
1.058035724053916961e-27
1.317161666295893774e-27
1.576287608537870767e-27
1.835413550779847581e-27
2.094539493021824394e-27
2.353665435263801208e-27
2.612791377505778022e-27
2.871917319747754835e-27
3.131043261989732007e-27
3.390169204231709180e-27
3.649295146473685993e-27
3.908421088715662807e-27
4.167547030957639620e-27
4.426672973199616434e-27
4.685798915441593247e-27
4.944924857683570061e-27
5.204050799925546874e-27
5.463176742167523688e-27
5.722302684409500501e-27
5.981428626651477315e-27
6.240554568893454846e-27
6.499680511135430942e-27
6.758806453377407756e-27
7.017932395619384569e-27
7.277058337861361383e-27
7.536184280103338196e-27
