3.286427887617581209e-29
4.283688763860158052e-28
8.238734738958556693e-28
1.219378071405695533e-27
1.614882668915535577e-27
2.010387266425375620e-27
2.405891863935215305e-27
2.801396461445055349e-27
3.196901058954895392e-27
3.592405656464735794e-27
3.987910253974575838e-27
4.383414851484415881e-27
4.778919448994255208e-27
5.174424046504095251e-27
5.569928644013935295e-27
5.965433241523775338e-27
6.360937839033615382e-27
6.756442436543453990e-27
7.151947034053294751e-27
7.547451631563134077e-27
7.942956229072974838e-27
8.338460826582814164e-27
8.733965424092654925e-27
9.129470021602494251e-27
9.524974619112333577e-27
9.920479216622174338e-27
1.031598381413201366e-26
1.071148841164185443e-26
1.110699300915169375e-26
1.150249760666153451e-26
