2.159207836946101358e-29
2.814415732295262821e-28
5.412910680895914890e-28
8.011405629496567408e-28
1.060990057809722082e-27
1.320839552669787334e-27
1.580689047529852586e-27
1.840538542389917837e-27
2.100388037249983089e-27
2.360237532110048341e-27
2.620087026970113593e-27
2.879936521830178844e-27
3.139786016690244096e-27
3.399635511550309348e-27
3.659485006410374241e-27
3.919334501270439134e-27
4.179183996130504744e-27
4.439033490990570355e-27
4.698882985850635248e-27
4.958732480710700141e-27
5.218581975570765751e-27
5.478431470430831362e-27
5.738280965290896255e-27
5.998130460150961148e-27
6.257979955011026758e-27
6.517829449871093086e-27
6.777678944731158697e-27
7.037528439591222872e-27
7.297377934451288483e-27
7.557227429311354093e-27
