3.315611752340234383e-29
4.321728422015891547e-28
8.311895668797759599e-28
1.230206291557962855e-27
1.629223016236149750e-27
2.028239740914336465e-27
2.427256465592523181e-27
2.826273190270710255e-27
3.225289914948896971e-27
3.624306639627084045e-27
4.023323364305271119e-27
4.422340088983458193e-27
4.821356813661644550e-27
5.220373538339831625e-27
5.619390263018018699e-27
6.018406987696205056e-27
6.417423712374392130e-27
6.816440437052578487e-27
7.215457161730764844e-27
7.614473886408952635e-27
8.013490611087138992e-27
8.412507335765325349e-27
8.811524060443513141e-27
9.210540785121699497e-27
9.609557509799885854e-27
1.000857423447807365e-26
1.040759095915626000e-26
1.080660768383444636e-26
1.120562440851263415e-26
1.160464113319082051e-26
