4.260990048378478634e-29
5.553980132024362571e-28
1.068186125921087694e-27
1.580974238639739042e-27
2.093762351358390568e-27
2.606550464077042095e-27
3.119338576795693263e-27
3.632126689514344790e-27
4.144914802232996317e-27
4.657702914951647843e-27
5.170491027670299370e-27
5.683279140388950897e-27
6.196067253107601706e-27
6.708855365826252516e-27
7.221643478544904042e-27
7.734431591263555569e-27
8.247219703982207096e-27
8.760007816700858623e-27
9.272795929419510149e-27
9.785584042138161676e-27
1.029837215485681320e-26
1.081116026757546473e-26
1.132394838029411626e-26
1.183673649301276778e-26
1.234952460573141788e-26
1.286231271845006940e-26
1.337510083116872093e-26
1.388788894388737389e-26
1.440067705660602398e-26
1.491346516932467694e-26
