4.947483835656733155e-29
6.448789275442223416e-28
1.240283016731877245e-27
1.835687105919532238e-27
2.431091195107187232e-27
3.026495284294842225e-27
3.621899373482497577e-27
4.217303462670152929e-27
4.812707551857807563e-27
5.408111641045462198e-27
6.003515730233117550e-27
6.598919819420772184e-27
7.194323908608426819e-27
7.789727997796081454e-27
8.385132086983737523e-27
8.980536176171392158e-27
9.575940265359046792e-27
1.017134435454670143e-26
1.076674844373435606e-26
1.136215253292201213e-26
1.195755662210966677e-26
1.255296071129732140e-26
1.314836480048497890e-26
1.374376888967263354e-26
1.433917297886028817e-26
1.493457706804794281e-26
1.552998115723559744e-26
1.612538524642325208e-26
1.672078933561090958e-26
1.731619342479856422e-26
