3.809539685836418236e-29
4.965537935331607059e-28
9.550121902079572127e-28
1.413470586882753719e-27
1.871928983557550047e-27
2.330387380232346733e-27
2.788845776907143060e-27
3.247304173581939388e-27
3.705762570256736074e-27
4.164220966931532760e-27
4.622679363606329446e-27
5.081137760281125415e-27
5.539596156955922101e-27
5.998054553630718787e-27
6.456512950305514755e-27
6.914971346980312159e-27
7.373429743655108845e-27
7.831888140329905531e-27
8.290346537004702217e-27
8.748804933679498903e-27
9.207263330354295590e-27
9.665721727029090841e-27
1.012418012370388753e-26
1.058263852037868421e-26
1.104109691705348090e-26
1.149955531372827759e-26
1.195801371040307427e-26
1.241647210707787096e-26
1.287493050375266621e-26
1.333338890042746289e-26
