3.550088734661503856e-29
4.627357040351890633e-28
8.899705207237629928e-28
1.317205337412337012e-27
1.744440154100911031e-27
2.171674970789485230e-27
2.598909787478059069e-27
3.026144604166632909e-27
3.453379420855207467e-27
3.880614237543781665e-27
4.307849054232355864e-27
4.735083870920929345e-27
5.162318687609503543e-27
5.589553504298077742e-27
6.016788320986651223e-27
6.444023137675225421e-27
6.871257954363798902e-27
7.298492771052373101e-27
7.725727587740947299e-27
8.152962404429521498e-27
8.580197221118095697e-27
9.007432037806668460e-27
9.434666854495242659e-27
9.861901671183816857e-27
1.028913648787239106e-26
1.071637130456096525e-26
1.114360612124953945e-26
1.157084093793811365e-26
1.199807575462668641e-26
1.242531057131526205e-26
