3.659387725185059943e-29
4.769822621103284341e-28
9.173706469688063697e-28
1.357759031827284216e-27
1.798147416685761882e-27
2.238535801544239907e-27
2.678924186402717574e-27
3.119312571261195241e-27
3.559700956119673266e-27
4.000089340978151291e-27
4.440477725836629316e-27
4.880866110695106624e-27
5.321254495553584649e-27
5.761642880412062675e-27
6.202031265270539983e-27
6.642419650129019443e-27
7.082808034987496751e-27
7.523196419845974058e-27
7.963584804704452801e-27
8.403973189562930109e-27
8.844361574421408852e-27
9.284749959279886159e-27
9.725138344138363467e-27
1.016552672899684221e-26
1.060591511385531952e-26
1.104630349871379683e-26
1.148669188357227557e-26
1.192708026843075288e-26
1.236746865328923018e-26
1.280785703814770893e-26
