2.363884200842949824e-29
3.081200785926327481e-28
5.926013151768360036e-28
8.770825517610393039e-28
1.161563788345242515e-27
1.446045024929445725e-27
1.730526261513649295e-27
2.015007498097852505e-27
2.299488734682055716e-27
2.583969971266258927e-27
2.868451207850462137e-27
3.152932444434665348e-27
3.437413681018868559e-27
3.721894917603071410e-27
4.006376154187274980e-27
4.290857390771477832e-27
4.575338627355681401e-27
4.859819863939884970e-27
5.144301100524087822e-27
5.428782337108291392e-27
5.713263573692494244e-27
5.997744810276697813e-27
6.282226046860900665e-27
6.566707283445104234e-27
6.851188520029307804e-27
7.135669756613511373e-27
7.420150993197713508e-27
7.704632229781917077e-27
7.989113466366120646e-27
8.273594702950324216e-27
