3.057594376084809418e-29
3.985416117793303975e-28
7.665072797978126784e-28
1.134472947816295049e-27
1.502438615834777240e-27
1.870404283853259252e-27
2.238369951871741802e-27
2.606335619890223993e-27
2.974301287908706185e-27
3.342266955927188734e-27
3.710232623945670926e-27
4.078198291964153117e-27
4.446163959982636026e-27
4.814129628001118217e-27
5.182095296019600408e-27
5.550060964038082599e-27
5.918026632056564791e-27
6.285992300075046982e-27
6.653957968093528456e-27
7.021923636112011364e-27
7.389889304130492838e-27
7.757854972148975747e-27
8.125820640167457220e-27
8.493786308185940129e-27
8.861751976204423038e-27
9.229717644222904512e-27
9.597683312241387420e-27
9.965648980259868894e-27
1.033361464827835180e-26
1.070158031629683328e-26
