2.720661720193936720e-29
3.546241828390717440e-28
6.820417484762041208e-28
1.009459314113336632e-27
1.336876879750468964e-27
1.664294445387601296e-27
1.991712011024733628e-27
2.319129576661865960e-27
2.646547142298998292e-27
2.973964707936130624e-27
3.301382273573263673e-27
3.628799839210396005e-27
3.956217404847528337e-27
4.283634970484660669e-27
4.611052536121793001e-27
4.938470101758925333e-27
5.265887667396057665e-27
5.593305233033189997e-27
5.920722798670322329e-27
6.248140364307454661e-27
6.575557929944586993e-27
6.902975495581719325e-27
7.230393061218851657e-27
7.557810626855983989e-27
7.885228192493116321e-27
8.212645758130248653e-27
8.540063323767380985e-27
8.867480889404513317e-27
9.194898455041645649e-27
9.522316020678777981e-27
