4.955769833594277984e-29
6.459589645167714465e-28
1.242360230697599979e-27
1.838761496878428690e-27
2.435162763059257222e-27
3.031564029240085754e-27
3.627965295420914645e-27
4.224366561601743177e-27
4.820767827782571709e-27
5.417169093963400241e-27
6.013570360144228773e-27
6.609971626325058023e-27
7.206372892505887272e-27
7.802774158686715087e-27
8.399175424867544337e-27
8.995576691048372151e-27
9.591977957229201401e-27
1.018837922341003065e-26
1.078478048959085846e-26
1.138118175577168771e-26
1.197758302195251553e-26
1.257398428813334478e-26
1.317038555431417116e-26
1.376678682049500041e-26
1.436318808667582966e-26
1.495958935285665891e-26
1.555599061903748529e-26
1.615239188521831454e-26
1.674879315139914379e-26
1.734519441757997304e-26
