2.511239717905275483e-29
3.273271080579979398e-28
6.295418189369430659e-28
9.317565298158883714e-28
1.233971240694833498e-27
1.536185951573778624e-27
1.838400662452723750e-27
2.140615373331668697e-27
2.442830084210614002e-27
2.745044795089559308e-27
3.047259505968504254e-27
3.349474216847449560e-27
3.651688927726394865e-27
3.953903638605340171e-27
4.256118349484284759e-27
4.558333060363230064e-27
4.860547771242175370e-27
5.162762482121120675e-27
5.464977193000065981e-27
5.767191903879010569e-27
6.069406614757955874e-27
6.371621325636901180e-27
6.673836036515847203e-27
6.976050747394791791e-27
7.278265458273737814e-27
7.580480169152682402e-27
7.882694880031628425e-27
8.184909590910573013e-27
8.487124301789517601e-27
8.789339012668463624e-27
