1.594426231065556803e-29
2.078252121871656808e-28
3.997061620636758356e-28
5.915871119401859455e-28
7.834680618166960555e-28
9.753490116932061654e-28
1.167229961569716365e-27
1.359110911446226385e-27
1.550991861322736585e-27
1.742872811199246605e-27
1.934753761075756805e-27
2.126634710952267005e-27
2.318515660828777204e-27
2.510396610705287404e-27
2.702277560581797245e-27
2.894158510458307444e-27
3.086039460334817644e-27
3.277920410211327485e-27
3.469801360087837685e-27
3.661682309964347884e-27
3.853563259840858084e-27
4.045444209717368283e-27
4.237325159593878483e-27
4.429206109470388683e-27
4.621087059346898882e-27
4.812968009223409082e-27
5.004848959099919282e-27
5.196729908976428764e-27
5.388610858852938963e-27
5.580491808729449163e-27
