1.751508245512603461e-29
2.283000402771600563e-28
4.390849980991940725e-28
6.498699559212281334e-28
8.606549137432621047e-28
1.071439871565296076e-27
1.282224829387330227e-27
1.493009787209364198e-27
1.703794745031397990e-27
1.914579702853432140e-27
2.125364660675465932e-27
2.336149618497500083e-27
2.546934576319534234e-27
2.757719534141568026e-27
2.968504491963602176e-27
3.179289449785635968e-27
3.390074407607670477e-27
3.600859365429704628e-27
3.811644323251738779e-27
4.022429281073772212e-27
4.233214238895806363e-27
4.443999196717840513e-27
4.654784154539874664e-27
4.865569112361908814e-27
5.076354070183942965e-27
5.287139028005976398e-27
5.497923985828010549e-27
5.708708943650044700e-27
5.919493901472078850e-27
6.130278859294112283e-27
