1.828825017616503042e-29
2.383778816065648758e-28
4.584675130369647717e-28
6.785571444673646227e-28
8.986467758977644736e-28
1.118736407328164325e-27
1.338826038758564176e-27
1.558915670188964027e-27
1.779005301619363878e-27
1.999094933049763729e-27
2.219184564480163580e-27
2.439274195910563431e-27
2.659363827340963282e-27
2.879453458771363133e-27
3.099543090201762984e-27
3.319632721632162117e-27
3.539722353062562327e-27
3.759811984492962537e-27
3.979901615923362029e-27
4.199991247353761521e-27
4.420080878784161731e-27
4.640170510214561941e-27
4.860260141644961433e-27
5.080349773075360925e-27
5.300439404505761135e-27
5.520529035936161345e-27
5.740618667366560837e-27
5.960708298796960329e-27
6.180797930227360539e-27
6.400887561657760031e-27
