4.368636376913688772e-29
5.694291553356462735e-28
1.095171946902155553e-27
1.620914738468664922e-27
2.146657530035174291e-27
2.672400321601683660e-27
3.198143113168193029e-27
3.723885904734702039e-27
4.249628696301211767e-27
4.775371487867721495e-27
5.301114279434230505e-27
5.826857071000739515e-27
6.352599862567249243e-27
6.878342654133759688e-27
7.404085445700267981e-27
7.929828237266777709e-27
8.455571028833287436e-27
8.981313820399797164e-27
9.507056611966306892e-27
1.003279940353281518e-26
1.055854219509932491e-26
1.108428498666583464e-26
1.161002777823234293e-26
1.213577056979885266e-26
1.266151336136536239e-26
1.318725615293187068e-26
1.371299894449838184e-26
1.423874173606489014e-26
1.476448452763139843e-26
1.529022731919790959e-26
