4.702760499488934228e-29
6.129805064851093573e-28
1.178933407975329249e-27
1.744886309465549499e-27
2.310839210955769391e-27
2.876792112445989283e-27
3.442745013936209533e-27
4.008697915426429425e-27
4.574650816916649317e-27
5.140603718406869208e-27
5.706556619897089100e-27
6.272509521387308992e-27
6.838462422877528883e-27
7.404415324367748775e-27
7.970368225857968667e-27
8.536321127348188558e-27
9.102274028838408450e-27
9.668226930328628342e-27
1.023417983181884823e-26
1.080013273330906813e-26
1.136608563479928802e-26
1.193203853628950791e-26
1.249799143777972780e-26
1.306394433926994913e-26
1.362989724076017045e-26
1.419585014225038891e-26
1.476180304374061024e-26
1.532775594523082869e-26
1.589370884672105002e-26
1.645966174821126848e-26
