1.615198375028228770e-29
2.105327537105760016e-28
4.049135236708697323e-28
5.992942936311634629e-28
7.936750635914571936e-28
9.880558335517508346e-28
1.182436603512044655e-27
1.376817373472338475e-27
1.571198143432632116e-27
1.765578913392925937e-27
1.959959683353219578e-27
2.154340453313513577e-27
2.348721223273807218e-27
2.543101993234100859e-27
2.737482763194394859e-27
2.931863533154688500e-27
3.126244303114982141e-27
3.320625073075275782e-27
3.515005843035569423e-27
3.709386612995863064e-27
3.903767382956156705e-27
4.098148152916451064e-27
4.292528922876744705e-27
4.486909692837038346e-27
4.681290462797331987e-27
4.875671232757625628e-27
5.070052002717919269e-27
5.264432772678212910e-27
5.458813542638507268e-27
5.653194312598800909e-27
