2.956977614022086669e-29
3.854267372759823797e-28
7.412836984117438870e-28
1.097140659547505394e-27
1.452997620683266902e-27
1.808854581819028409e-27
2.164711542954789916e-27
2.520568504090551424e-27
2.876425465226312931e-27
3.232282426362074439e-27
3.588139387497835946e-27
3.943996348633597453e-27
4.299853309769358961e-27
4.655710270905120468e-27
5.011567232040881975e-27
5.367424193176643483e-27
5.723281154312404990e-27
6.079138115448166497e-27
6.434995076583928005e-27
6.790852037719688795e-27
7.146708998855450302e-27
7.502565959991211809e-27
7.858422921126973317e-27
8.214279882262734824e-27
8.570136843398496331e-27
8.925993804534257839e-27
9.281850765670019346e-27
9.637707726805780854e-27
9.993564687941542361e-27
1.034942164907730387e-26
