1.703382514008605230e-29
2.220271001018112831e-28
4.270203750635365251e-28
6.320136500252617671e-28
8.370069249869870091e-28
1.042000199948712161e-27
1.246993474910437493e-27
1.451986749872162825e-27
1.656980024833887977e-27
1.861973299795613129e-27
2.066966574757338282e-27
2.271959849719063793e-27
2.476953124680788945e-27
2.681946399642514097e-27
2.886939674604239609e-27
3.091932949565964761e-27
3.296926224527690272e-27
3.501919499489415424e-27
3.706912774451140577e-27
3.911906049412865729e-27
4.116899324374590881e-27
4.321892599336316751e-27
4.526885874298041903e-27
4.731879149259767056e-27
4.936872424221492208e-27
5.141865699183217360e-27
5.346858974144942513e-27
5.551852249106667665e-27
5.756845524068393535e-27
5.961838799030118687e-27
