3.434578580692634894e-29
4.476795529316606862e-28
8.610133200563949337e-28
1.274347087181129361e-27
1.687680854305863788e-27
2.101014621430598214e-27
2.514348388555332283e-27
2.927682155680066710e-27
3.341015922804800778e-27
3.754349689929534846e-27
4.167683457054269632e-27
4.581017224179003700e-27
4.994350991303737768e-27
5.407684758428472554e-27
5.821018525553206622e-27
6.234352292677941407e-27
6.647686059802676193e-27
7.061019826927410979e-27
7.474353594052144329e-27
7.887687361176879115e-27
8.301021128301613901e-27
8.714354895426347251e-27
9.127688662551082037e-27
9.541022429675816823e-27
9.954356196800550173e-27
1.036768996392528496e-26
1.078102373105001974e-26
1.119435749817475453e-26
1.160769126529948788e-26
1.202102503242422267e-26
