1.934591678034590992e-29
2.521640187231294394e-28
4.849821206659129716e-28
7.178002226086964590e-28
9.506183245514800361e-28
1.183436426494263613e-27
1.416254528437047011e-27
1.649072630379830588e-27
1.881890732322614165e-27
2.114708834265397742e-27
2.347526936208181319e-27
2.580345038150964896e-27
2.813163140093748115e-27
3.045981242036531692e-27
3.278799343979315628e-27
3.511617445922099563e-27
3.744435547864882782e-27
3.977253649807666000e-27
4.210071751750449936e-27
4.442889853693233154e-27
4.675707955636017090e-27
4.908526057578800308e-27
5.141344159521584244e-27
5.374162261464367463e-27
5.606980363407150681e-27
5.839798465349934617e-27
6.072616567292717835e-27
6.305434669235501771e-27
6.538252771178284272e-27
6.771070873121068208e-27
