8.446578557724170001e-29
1.100967825799909173e-27
2.117469866022576556e-27
3.133971906245243939e-27
4.150473946467911322e-27
5.166975986690578346e-27
6.183478026913246088e-27
7.199980067135913113e-27
8.216482107358580137e-27
9.232984147581247161e-27
1.024948618780391419e-26
1.126598822802658264e-26
1.228249026824924967e-26
1.329899230847191813e-26
1.431549434869458659e-26
1.533199638891725218e-26
1.634849842913992064e-26
1.736500046936258910e-26
1.838150250958525469e-26
1.939800454980792314e-26
2.041450659003058873e-26
2.143100863025325719e-26
2.244751067047592565e-26
2.346401271069859124e-26
2.448051475092125970e-26
2.549701679114392816e-26
2.651351883136659375e-26
2.753002087158925934e-26
2.854652291181193067e-26
2.956302495203459626e-26
