1.985215677890445505e-29
2.587625952560649753e-28
4.976730337332254367e-28
7.365834722103858982e-28
9.754939106875465389e-28
1.214404349164707090e-27
1.453314787641867462e-27
1.692225226119028013e-27
1.931135664596188564e-27
2.170046103073349115e-27
2.408956541550509666e-27
2.647866980027670217e-27
2.886777418504830410e-27
3.125687856981990961e-27
3.364598295459151512e-27
3.603508733936312063e-27
3.842419172413472614e-27
4.081329610890633165e-27
4.320240049367793716e-27
4.559150487844954267e-27
4.798060926322114818e-27
5.036971364799275370e-27
5.275881803276435921e-27
5.514792241753596472e-27
5.753702680230756305e-27
5.992613118707916856e-27
6.231523557185077408e-27
6.470433995662237241e-27
6.709344434139397792e-27
6.948254872616558343e-27
