2.104413333565358895e-29
2.742993931336916123e-28
5.275546529317296804e-28
7.808099127297676141e-28
1.034065172527805727e-27
1.287320432325843661e-27
1.540575692123881774e-27
1.793830951921919707e-27
2.047086211719957641e-27
2.300341471517995575e-27
2.553596731316033508e-27
2.806851991114071801e-27
3.060107250912109734e-27
3.313362510710148027e-27
3.566617770508186319e-27
3.819873030306223894e-27
4.073128290104262186e-27
4.326383549902300479e-27
4.579638809700338054e-27
4.832894069498376346e-27
5.086149329296413921e-27
5.339404589094452213e-27
5.592659848892490506e-27
5.845915108690528081e-27
6.099170368488566373e-27
6.352425628286604665e-27
6.605680888084641523e-27
6.858936147882679098e-27
7.112191407680718107e-27
7.365446667478755682e-27
