3.944205039328772009e-29
5.141067258159571513e-28
9.887714012386264929e-28
1.463436076661295924e-27
1.938100752083965355e-27
2.412765427506634787e-27
2.887430102929304218e-27
3.362094778351974008e-27
3.836759453774643439e-27
4.311424129197312870e-27
4.786088804619982301e-27
5.260753480042651733e-27
5.735418155465321164e-27
6.210082830887990595e-27
6.684747506310660026e-27
7.159412181733329458e-27
7.634076857155998889e-27
8.108741532578668320e-27
8.583406208001337751e-27
9.058070883424007182e-27
9.532735558846676614e-27
1.000740023426934604e-26
1.048206490969201548e-26
1.095672958511468491e-26
1.143139426053735434e-26
1.190605893596002377e-26
1.238072361138269320e-26
1.285538828680536263e-26
1.333005296222803206e-26
1.380471763765070149e-26
