2.561051611169897698e-29
3.338198306973176903e-28
6.420291452829364092e-28
9.502384598685551729e-28
1.258447774454173937e-27
1.566657089039792700e-27
1.874866403625411285e-27
2.183075718211030228e-27
2.491285032796648812e-27
2.799494347382267397e-27
3.107703661967886340e-27
3.415912976553504565e-27
3.724122291139123150e-27
4.032331605724741734e-27
4.340540920310361036e-27
4.648750234895979620e-27
4.956959549481598205e-27
5.265168864067216789e-27
5.573378178652835373e-27
5.881587493238454675e-27
6.189796807824073260e-27
6.498006122409691844e-27
6.806215436995310428e-27
7.114424751580929013e-27
7.422634066166547597e-27
7.730843380752166181e-27
8.039052695337784766e-27
8.347262009923404785e-27
8.655471324509023369e-27
8.963680639094641954e-27
