1.957788383242376927e-29
2.551875892640063767e-28
4.907972946955889253e-28
7.264070001271715187e-28
9.620167055587542018e-28
1.197626410990336795e-27
1.433236116421919389e-27
1.668845821853501982e-27
1.904455527285084396e-27
2.140065232716666810e-27
2.375674938148249583e-27
2.611284643579832356e-27
2.846894349011414770e-27
3.082504054442997184e-27
3.318113759874580315e-27
3.553723465306162730e-27
3.789333170737745144e-27
4.024942876169327558e-27
4.260552581600909972e-27
4.496162287032493103e-27
4.731771992464075517e-27
4.967381697895657931e-27
5.202991403327241063e-27
5.438601108758823477e-27
5.674210814190405891e-27
5.909820519621988305e-27
6.145430225053570719e-27
6.381039930485153851e-27
6.616649635916736982e-27
6.852259341348318679e-27
