2.709935859070608189e-29
3.532261223202378587e-28
6.793528860497696467e-28
1.005479649779301390e-27
1.331606413508833223e-27
1.657733177238365056e-27
1.983859940967896888e-27
2.309986704697428721e-27
2.636113468426960554e-27
2.962240232156492387e-27
3.288366995886023502e-27
3.614493759615555694e-27
3.940620523345087168e-27
4.266747287074619360e-27
4.592874050804150834e-27
4.919000814533683025e-27
5.245127578263214499e-27
5.571254341992745973e-27
5.897381105722278165e-27
6.223507869451809639e-27
6.549634633181341113e-27
6.875761396910873305e-27
7.201888160640405496e-27
7.528014924369937688e-27
7.854141688099468445e-27
8.180268451829000636e-27
8.506395215558532828e-27
8.832521979288063584e-27
9.158648743017595776e-27
9.484775506747127968e-27
