1.703013430302892121e-29
2.219789919498252370e-28
4.269278495966215471e-28
6.318767072434179021e-28
8.368255648902141674e-28
1.041774422537010433e-27
1.246723280183806877e-27
1.451672137830603143e-27
1.656620995477399229e-27
1.861569853124195494e-27
2.066518710770991759e-27
2.271467568417788024e-27
2.476416426064584648e-27
2.681365283711380914e-27
2.886314141358177179e-27
3.091262999004973444e-27
3.296211856651770068e-27
3.501160714298566692e-27
3.706109571945362599e-27
3.911058429592159223e-27
4.116007287238955129e-27
4.320956144885751754e-27
4.525905002532547660e-27
4.730853860179344284e-27
4.935802717826140908e-27
5.140751575472936815e-27
5.345700433119733439e-27
5.550649290766529345e-27
5.755598148413325969e-27
5.960547006060121876e-27
