1.830057776913237446e-29
2.385385654045530303e-28
4.587765530399737337e-28
6.790145406753943923e-28
8.992525283108150509e-28
1.119490515946235799e-27
1.339728503581656368e-27
1.559966491217076937e-27
1.780204478852497506e-27
2.000442466487918254e-27
2.220680454123339003e-27
2.440918441758759392e-27
2.661156429394180140e-27
2.881394417029600889e-27
3.101632404665021278e-27
3.321870392300442027e-27
3.542108379935862775e-27
3.762346367571283523e-27
3.982584355206704271e-27
4.202822342842125020e-27
4.423060330477545768e-27
4.643298318112965799e-27
4.863536305748386547e-27
5.083774293383807295e-27
5.304012281019228044e-27
5.524250268654648792e-27
5.744488256290069540e-27
5.964726243925490289e-27
6.184964231560910319e-27
6.405202219196331068e-27
