1.984609233092064234e-29
2.586835483133793941e-28
4.975210042958381431e-28
7.363584602782968921e-28
9.751959162607555514e-28
1.214033372243214390e-27
1.452870828225673049e-27
1.691708284208131888e-27
1.930545740190590727e-27
2.169383196173049565e-27
2.408220652155508404e-27
2.647058108137966884e-27
2.885895564120425723e-27
3.124733020102884561e-27
3.363570476085342683e-27
3.602407932067801880e-27
3.841245388050260360e-27
4.080082844032718840e-27
4.318920300015178037e-27
4.557757755997636517e-27
4.796595211980095715e-27
5.035432667962554195e-27
5.274270123945012675e-27
5.513107579927471872e-27
5.751945035909930352e-27
5.990782491892388832e-27
6.229619947874848029e-27
6.468457403857306509e-27
6.707294859839764989e-27
6.946132315822223469e-27
