1.316643843458958257e-29
1.716177147680986956e-28
3.300689911016078394e-28
4.885202674351169384e-28
6.469715437686260374e-28
8.054228201021351364e-28
9.638740964356444148e-28
1.122325372769153514e-27
1.280776649102662613e-27
1.439227925436171712e-27
1.597679201769680811e-27
1.756130478103189910e-27
1.914581754436699009e-27
2.073033030770208108e-27
2.231484307103717207e-27
2.389935583437226306e-27
2.548386859770735405e-27
2.706838136104244504e-27
2.865289412437753603e-27
3.023740688771262702e-27
3.182191965104771801e-27
3.340643241438281258e-27
3.499094517771790357e-27
3.657545794105299456e-27
3.815997070438808555e-27
3.974448346772317654e-27
4.132899623105826753e-27
4.291350899439335852e-27
4.449802175772844951e-27
4.608253452106354050e-27
