2.183490585246184757e-29
2.846067038700199805e-28
5.473785018875780574e-28
8.101502999051362688e-28
1.072922097922694301e-27
1.335693895940252512e-27
1.598465693957810544e-27
1.861237491975368576e-27
2.124009289992926788e-27
2.386781088010484999e-27
2.649552886028043211e-27
2.912324684045601063e-27
3.175096482063159275e-27
3.437868280080717845e-27
3.700640078098275698e-27
3.963411876115834268e-27
4.226183674133392120e-27
4.488955472150949973e-27
4.751727270168508543e-27
5.014499068186066396e-27
5.277270866203624966e-27
5.540042664221182819e-27
5.802814462238740672e-27
6.065586260256299242e-27
6.328358058273857094e-27
6.591129856291415665e-27
6.853901654308973517e-27
7.116673452326531370e-27
7.379445250344089223e-27
7.642217048361647075e-27
