2.556918552618240060e-29
3.332811078929981922e-28
6.409930302598139333e-28
9.487049526266297641e-28
1.256416874993445595e-27
1.564128797360261426e-27
1.871840719727077077e-27
2.179552642093893087e-27
2.487264564460708739e-27
2.794976486827524390e-27
3.102688409194340400e-27
3.410400331561156052e-27
3.718112253927971344e-27
4.025824176294787355e-27
4.333536098661603365e-27
4.641248021028418657e-27
4.948959943395234668e-27
5.256671865762050678e-27
5.564383788128865970e-27
5.872095710495681981e-27
6.179807632862497991e-27
6.487519555229313283e-27
6.795231477596130011e-27
7.102943399962945304e-27
7.410655322329760596e-27
7.718367244696577324e-27
8.026079167063392617e-27
8.333791089430207909e-27
8.641503011797024637e-27
8.949214934163839930e-27
