1.643703539726392807e-29
2.142482544884746464e-28
4.120594735796853396e-28
6.098706926708961225e-28
8.076819117621068156e-28
1.005493130853317509e-27
1.203304349944528292e-27
1.401115569035738895e-27
1.598926788126949678e-27
1.796738007218160102e-27
1.994549226309370885e-27
2.192360445400581668e-27
2.390171664491792451e-27
2.587982883583003233e-27
2.785794102674213658e-27
2.983605321765424440e-27
3.181416540856635223e-27
3.379227759947846006e-27
3.577038979039056789e-27
3.774850198130267572e-27
3.972661417221478355e-27
4.170472636312689137e-27
4.368283855403899920e-27
4.566095074495110703e-27
4.763906293586321486e-27
4.961717512677532269e-27
5.159528731768743052e-27
5.357339950859953117e-27
5.555151169951163900e-27
5.752962389042374683e-27
