2.010637488793805664e-29
2.620761968151925120e-28
5.040460187424470262e-28
7.460158406697014956e-28
9.879856625969558752e-28
1.229955484524210255e-27
1.471925306451464814e-27
1.713895128378719373e-27
1.955864950305973753e-27
2.197834772233228132e-27
2.439804594160482512e-27
2.681774416087737250e-27
2.923744238014991630e-27
3.165714059942246010e-27
3.407683881869501107e-27
3.649653703796755128e-27
3.891623525724009866e-27
4.133593347651264605e-27
4.375563169578518626e-27
4.617532991505773364e-27
4.859502813433027385e-27
5.101472635360282123e-27
5.343442457287536862e-27
5.585412279214790883e-27
5.827382101142045621e-27
6.069351923069300360e-27
6.311321744996554381e-27
6.553291566923809119e-27
6.795261388851063857e-27
7.037231210778318596e-27
