1.769062719727955036e-29
2.305881751921265361e-28
4.434857231869735752e-28
6.563832711818205245e-28
8.692808191766675635e-28
1.082178367171514603e-27
1.295075915166361462e-27
1.507973463161208501e-27
1.720871011156055540e-27
1.933768559150902400e-27
2.146666107145749618e-27
2.359563655140596478e-27
2.572461203135443338e-27
2.785358751130290556e-27
2.998256299125137416e-27
3.211153847119984634e-27
3.424051395114831135e-27
3.636948943109677995e-27
3.849846491104524854e-27
4.062744039099372431e-27
4.275641587094219291e-27
4.488539135089066151e-27
4.701436683083913010e-27
4.914334231078759870e-27
5.127231779073606730e-27
5.340129327068454307e-27
5.553026875063301166e-27
5.765924423058148026e-27
5.978821971052994886e-27
6.191719519047842463e-27
