1.757123539853347666e-29
2.290319648498501417e-28
4.404926943011667508e-28
6.519534237524834495e-28
8.634141532038000585e-28
1.074874882655116668e-27
1.286335612106433456e-27
1.497796341557750065e-27
1.709257071009066674e-27
1.920717800460383283e-27
2.132178529911699892e-27
2.343639259363016501e-27
2.555099988814333469e-27
2.766560718265650078e-27
2.978021447716966687e-27
3.189482177168283296e-27
3.400942906619599905e-27
3.612403636070916514e-27
3.823864365522233123e-27
4.035325094973549732e-27
4.246785824424866341e-27
4.458246553876182950e-27
4.669707283327499559e-27
4.881168012778816168e-27
5.092628742230133494e-27
5.304089471681450104e-27
5.515550201132766713e-27
5.727010930584083322e-27
5.938471660035399931e-27
6.149932389486716540e-27
