2.517478126889944371e-29
3.281402524015169095e-28
6.311057235341343726e-28
9.340711946667517908e-28
1.237036665799369299e-27
1.540002136931986807e-27
1.842967608064603956e-27
2.145933079197221464e-27
2.448898550329838971e-27
2.751864021462456479e-27
3.054829492595073987e-27
3.357794963727691495e-27
3.660760434860308644e-27
3.963725905992926511e-27
4.266691377125543660e-27
4.569656848258161527e-27
4.872622319390778676e-27
5.175587790523395825e-27
5.478553261656013691e-27
5.781518732788630841e-27
6.084484203921248707e-27
6.387449675053865856e-27
6.690415146186483723e-27
6.993380617319100872e-27
7.296346088451718021e-27
7.599311559584335170e-27
7.902277030716953754e-27
8.205242501849570904e-27
8.508207972982188053e-27
8.811173444114805202e-27
