2.767795062743486102e-29
3.607677702472544197e-28
6.938575898670739615e-28
1.026947409486893593e-27
1.360037229106713045e-27
1.693127048726532497e-27
2.026216868346352308e-27
2.359306687966171760e-27
2.692396507585991213e-27
3.025486327205810665e-27
3.358576146825630117e-27
3.691665966445449928e-27
4.024755786065269739e-27
4.357845605685088832e-27
4.690935425304908643e-27
5.024025244924727737e-27
5.357115064544547547e-27
5.690204884164367358e-27
6.023294703784186452e-27
6.356384523404006263e-27
6.689474343023825356e-27
7.022564162643645884e-27
7.355653982263464978e-27
7.688743801883284071e-27
8.021833621503104600e-27
8.354923441122923693e-27
8.688013260742742787e-27
9.021103080362561880e-27
9.354192899982382408e-27
9.687282719602201502e-27
