1.984711313130633136e-29
2.586968539184066894e-28
4.975465947055070363e-28
7.363963354926073831e-28
9.752460762797076403e-28
1.214095817066807987e-27
1.452945557853908334e-27
1.691795298641008860e-27
1.930645039428109028e-27
2.169494780215209195e-27
2.408344521002309721e-27
2.647194261789410248e-27
2.886044002576510415e-27
3.124893743363610582e-27
3.363743484150711826e-27
3.602593224937811994e-27
3.841442965724912161e-27
4.080292706512012329e-27
4.319142447299112496e-27
4.557992188086213381e-27
4.796841928873313548e-27
5.035691669660413716e-27
5.274541410447514601e-27
5.513391151234614768e-27
5.752240892021714936e-27
5.991090632808815103e-27
6.229940373595915271e-27
6.468790114383016156e-27
6.707639855170117041e-27
6.946489595957216491e-27
