2.599842890005117922e-29
3.388760732489429394e-28
6.517537175978347051e-28
9.646313619467264708e-28
1.277509006295618237e-27
1.590386650644510002e-27
1.903264294993401947e-27
2.216141939342293713e-27
2.529019583691185479e-27
2.841897228040077245e-27
3.154774872388969010e-27
3.467652516737860776e-27
3.780530161086752542e-27
4.093407805435644308e-27
4.406285449784536073e-27
4.719163094133427839e-27
5.032040738482319605e-27
5.344918382831211371e-27
5.657796027180103136e-27
5.970673671528994902e-27
6.283551315877886668e-27
6.596428960226777716e-27
6.909306604575669482e-27
7.222184248924561248e-27
7.535061893273453013e-27
7.847939537622344779e-27
8.160817181971236545e-27
8.473694826320128310e-27
8.786572470669020076e-27
9.099450115017911842e-27
