1.844221811507124574e-29
2.403847740516183210e-28
4.623273299881653766e-28
6.842698859247124323e-28
9.062124418612593982e-28
1.128154997797806544e-27
1.350097553734353510e-27
1.572040109670900475e-27
1.793982665607447621e-27
2.015925221543994766e-27
2.237867777480541911e-27
2.459810333417088698e-27
2.681752889353635843e-27
2.903695445290182989e-27
3.125638001226729775e-27
3.347580557163277279e-27
3.569523113099824425e-27
3.791465669036371570e-27
4.013408224972918715e-27
4.235350780909465861e-27
4.457293336846013006e-27
4.679235892782559434e-27
4.901178448719106579e-27
5.123121004655653724e-27
5.345063560592200870e-27
5.567006116528748015e-27
5.788948672465295160e-27
6.010891228401842306e-27
6.232833784338388734e-27
6.454776340274935879e-27
