2.608259808662877849e-29
3.399731750601958232e-28
6.538637520337628119e-28
9.677543290073300248e-28
1.281644905980896969e-27
1.595535482954463913e-27
1.909426059928031215e-27
2.223316636901598159e-27
2.537207213875165103e-27
2.851097790848732047e-27
3.164988367822298990e-27
3.478878944795865576e-27
3.792769521769433237e-27
4.106660098743000181e-27
4.420550675716567125e-27
4.734441252690134068e-27
5.048331829663701012e-27
5.362222406637267956e-27
5.676112983610834900e-27
5.990003560584401844e-27
6.303894137557968788e-27
6.617784714531537166e-27
6.931675291505103393e-27
7.245565868478671054e-27
7.559456445452238715e-27
7.873347022425804942e-27
8.187237599399372603e-27
8.501128176372938830e-27
8.815018753346506491e-27
9.128909330320072717e-27
