3.554825915017593400e-29
4.633531709919483061e-28
8.911580828337206895e-28
1.318962994675492983e-27
1.746767906517265456e-27
2.174572818359037929e-27
2.602377730200810044e-27
3.030182642042582517e-27
3.457987553884354990e-27
3.885792465726127104e-27
4.313597377567899936e-27
4.741402289409672050e-27
5.169207201251444164e-27
5.597012113093216996e-27
6.024817024934989110e-27
6.452621936776761942e-27
6.880426848618534774e-27
7.308231760460307606e-27
7.736036672302079002e-27
8.163841584143851834e-27
8.591646495985624666e-27
9.019451407827396063e-27
9.447256319669168895e-27
9.875061231510941726e-27
1.030286614335271312e-26
1.073067105519448595e-26
1.115847596703625879e-26
1.158628087887803162e-26
1.201408579071980302e-26
1.244189070256157585e-26
