1.798350670604291280e-29
2.344057080994559017e-28
4.508279094928688794e-28
6.672501108862818572e-28
8.836723122796947452e-28
1.100094513673107813e-27
1.316516715066520701e-27
1.532938916459933589e-27
1.749361117853346656e-27
1.965783319246759723e-27
2.182205520640172791e-27
2.398627722033585500e-27
2.615049923426998567e-27
2.831472124820411634e-27
3.047894326213824343e-27
3.264316527607237769e-27
3.480738729000650836e-27
3.697160930394063904e-27
3.913583131787476971e-27
4.130005333180890039e-27
4.346427534574303106e-27
4.562849735967715456e-27
4.779271937361128523e-27
4.995694138754541591e-27
5.212116340147954658e-27
5.428538541541367726e-27
5.644960742934780793e-27
5.861382944328193860e-27
6.077805145721606210e-27
6.294227347115019278e-27
