1.412751636939653235e-29
1.841448685390306468e-28
3.541622207086647388e-28
5.241795728782988532e-28
6.941969250479329676e-28
8.642142772175670820e-28
1.034231629387201286e-27
1.204248981556835490e-27
1.374266333726469515e-27
1.544283685896103540e-27
1.714301038065737564e-27
1.884318390235371948e-27
2.054335742405005973e-27
2.224353094574639997e-27
2.394370446744274381e-27
2.564387798913908406e-27
2.734405151083542430e-27
2.904422503253176455e-27
3.074439855422810480e-27
3.244457207592444504e-27
3.414474559762078529e-27
3.584491911931713271e-27
3.754509264101347296e-27
3.924526616270981321e-27
4.094543968440615346e-27
4.264561320610249370e-27
4.434578672779883395e-27
4.604596024949517420e-27
4.774613377119152162e-27
4.944630729288786187e-27
