1.229708939061869734e-29
1.602861996432368024e-28
3.082753098958548975e-28
4.562644201484729927e-28
6.042535304010910879e-28
7.522426406537091831e-28
9.002317509063271887e-28
1.048220861158945284e-27
1.196209971411563379e-27
1.344199081664181474e-27
1.492188191916799569e-27
1.640177302169417665e-27
1.788166412422035939e-27
1.936155522674654214e-27
2.084144632927272130e-27
2.232133743179890045e-27
2.380122853432508320e-27
2.528111963685126595e-27
2.676101073937744510e-27
2.824090184190362426e-27
2.972079294442980701e-27
3.120068404695598975e-27
3.268057514948216532e-27
3.416046625200834807e-27
3.564035735453453082e-27
3.712024845706071356e-27
3.860013955958689631e-27
4.008003066211307188e-27
4.155992176463925462e-27
4.303981286716543737e-27
