1.182254222299952088e-29
1.541007227687523436e-28
2.963789033145051719e-28
4.386570838602580226e-28
5.809352644060108285e-28
7.232134449517636343e-28
8.654916254975166196e-28
1.007769806043269336e-27
1.150047986589022231e-27
1.292326167134775127e-27
1.434604347680527843e-27
1.576882528226280739e-27
1.719160708772033634e-27
1.861438889317786350e-27
2.003717069863539067e-27
2.145995250409292141e-27
2.288273430955044858e-27
2.430551611500797574e-27
2.572829792046550649e-27
2.715107972592303365e-27
2.857386153138056081e-27
2.999664333683809156e-27
3.141942514229561872e-27
3.284220694775314588e-27
3.426498875321067663e-27
3.568777055866820021e-27
3.711055236412573096e-27
3.853333416958326171e-27
3.995611597504078528e-27
4.137889778049831603e-27
