2.529327897122334095e-29
3.296848086593939125e-28
6.340763383475644167e-28
9.384678680357350107e-28
1.242859397723905515e-27
1.547250927412076019e-27
1.851642457100246882e-27
2.156033986788417207e-27
2.460425516476587891e-27
2.764817046164758574e-27
3.069208575852928899e-27
3.373600105541099583e-27
3.677991635229270266e-27
3.982383164917440950e-27
4.286774694605610916e-27
4.591166224293781600e-27
4.895557753981952284e-27
5.199949283670122967e-27
5.504340813358293651e-27
5.808732343046463617e-27
6.113123872734634301e-27
6.417515402422804984e-27
6.721906932110975668e-27
7.026298461799145634e-27
7.330689991487317035e-27
7.635081521175487001e-27
7.939473050863658402e-27
8.243864580551828368e-27
8.548256110239998335e-27
8.852647639928169736e-27
