2.506244914821659447e-29
3.266760613112370005e-28
6.282896734742574569e-28
9.299032856372777340e-28
1.231516897800298191e-27
1.533130509963318647e-27
1.834744122126339103e-27
2.136357734289359739e-27
2.437971346452380016e-27
2.739584958615400293e-27
3.041198570778420929e-27
3.342812182941440848e-27
3.644425795104461125e-27
3.946039407267481402e-27
4.247653019430502396e-27
4.549266631593522673e-27
4.850880243756542951e-27
5.152493855919563228e-27
5.454107468082583505e-27
5.755721080245604499e-27
6.057334692408624776e-27
6.358948304571645053e-27
6.660561916734665331e-27
6.962175528897686325e-27
7.263789141060705885e-27
7.565402753223726879e-27
7.867016365386746439e-27
8.168629977549767434e-27
8.470243589712788428e-27
8.771857201875807988e-27
