1.205802848060629104e-29
1.571701643334199075e-28
3.022823001862335352e-28
4.473944360390472078e-28
5.925065718918607906e-28
7.376187077446743735e-28
8.827308435974882254e-28
1.027842979450301808e-27
1.172955115303115391e-27
1.318067251155928974e-27
1.463179387008742557e-27
1.608291522861556319e-27
1.753403658714369902e-27
1.898515794567183305e-27
2.043627930419997068e-27
2.188740066272810471e-27
2.333852202125624233e-27
2.478964337978437995e-27
2.624076473831251399e-27
2.769188609684065161e-27
2.914300745536878565e-27
3.059412881389692327e-27
3.204525017242506089e-27
3.349637153095319851e-27
3.494749288948133614e-27
3.639861424800946658e-27
3.784973560653760421e-27
3.930085696506574183e-27
4.075197832359387945e-27
4.220309968212201707e-27
