1.286177233905830603e-29
1.676465497987599966e-28
3.224313272584617096e-28
4.772161047181633330e-28
6.320008821778650460e-28
7.867856596375667590e-28
9.415704370972683824e-28
1.096355214556970185e-27
1.251139992016671808e-27
1.405924769476373432e-27
1.560709546936075234e-27
1.715494324395776858e-27
1.870279101855478481e-27
2.025063879315180104e-27
2.179848656774882087e-27
2.334633434234583710e-27
2.489418211694285333e-27
2.644202989153986957e-27
2.798987766613688580e-27
2.953772544073390562e-27
3.108557321533092185e-27
3.263342098992793450e-27
3.418126876452495432e-27
3.572911653912197414e-27
3.727696431371898679e-27
3.882481208831600661e-27
4.037265986291301925e-27
4.192050763751003907e-27
4.346835541210705889e-27
4.501620318670407154e-27
