1.204849375584334858e-29
1.570458841278891249e-28
3.020432744999349348e-28
4.470406648719807447e-28
5.920380552440265098e-28
7.370354456160722749e-28
8.820328359881180400e-28
1.027030226360163715e-27
1.172027616732209570e-27
1.317025007104255425e-27
1.462022397476301100e-27
1.607019787848346955e-27
1.752017178220392989e-27
1.897014568592438844e-27
2.042011958964484340e-27
2.187009349336530195e-27
2.332006739708576050e-27
2.477004130080621904e-27
2.622001520452667759e-27
2.766998910824713255e-27
2.911996301196759110e-27
3.056993691568804965e-27
3.201991081940850819e-27
3.346988472312896316e-27
3.491985862684942529e-27
3.636983253056988025e-27
3.781980643429034239e-27
3.926978033801079735e-27
4.071975424173125231e-27
4.216972814545171444e-27
