1.393459655831686282e-29
1.816302585877163333e-28
3.493259206171158094e-28
5.170215826465153079e-28
6.847172446759147615e-28
8.524129067053143946e-28
1.020108568734713848e-27
1.187804230764113302e-27
1.355499892793512756e-27
1.523195554822912209e-27
1.690891216852311663e-27
1.858586878881711117e-27
2.026282540911110570e-27
2.193978202940510024e-27
2.361673864969909477e-27
2.529369526999308931e-27
2.697065189028708385e-27
2.864760851058107838e-27
3.032456513087507292e-27
3.200152175116906746e-27
3.367847837146306558e-27
3.535543499175706012e-27
3.703239161205105465e-27
3.870934823234504919e-27
4.038630485263904373e-27
4.206326147293303826e-27
4.374021809322703280e-27
4.541717471352102734e-27
4.709413133381502187e-27
4.877108795410901641e-27
