2.799339170879809734e-29
3.648793815836441340e-28
7.017653714584901762e-28
1.038651361333336353e-27
1.375537351208182350e-27
1.712423341083028348e-27
2.049309330957874525e-27
2.386195320832720343e-27
2.723081310707566519e-27
3.059967300582412696e-27
3.396853290457258156e-27
3.733739280332104332e-27
4.070625270206950509e-27
4.407511260081796686e-27
4.744397249956642145e-27
5.081283239831488322e-27
5.418169229706334499e-27
5.755055219581180675e-27
6.091941209456026852e-27
6.428827199330872312e-27
6.765713189205719206e-27
7.102599179080566100e-27
7.439485168955411559e-27
7.776371158830257019e-27
8.113257148705103913e-27
8.450143138579949372e-27
8.787029128454796266e-27
9.123915118329641726e-27
9.460801108204487185e-27
9.797687098079334079e-27
