1.235521885689498608e-29
1.610438871691829231e-28
3.097325554814708546e-28
4.584212237937587636e-28
6.071098921060467175e-28
7.557985604183346714e-28
9.044872287306225355e-28
1.053175897042910489e-27
1.201864565355198443e-27
1.350553233667486397e-27
1.499241901979774351e-27
1.647930570292062126e-27
1.796619238604350079e-27
1.945307906916638033e-27
2.093996575228925987e-27
2.242685243541213941e-27
2.391373911853501895e-27
2.540062580165789849e-27
2.688751248478077803e-27
2.837439916790365757e-27
2.986128585102653710e-27
3.134817253414941664e-27
3.283505921727229259e-27
3.432194590039517213e-27
3.580883258351805167e-27
3.729571926664093121e-27
3.878260594976381075e-27
4.026949263288669029e-27
4.175637931600956983e-27
4.324326599913244937e-27
