2.934941290394503154e-29
3.825544164721111475e-28
7.357594200402772130e-28
1.088964423608443323e-27
1.442169427176609434e-27
1.795374430744775723e-27
2.148579434312941654e-27
2.501784437881107585e-27
2.854989441449273875e-27
3.208194445017440165e-27
3.561399448585606455e-27
3.914604452153772027e-27
4.267809455721938317e-27
4.621014459290104606e-27
4.974219462858270179e-27
5.327424466426436468e-27
5.680629469994602758e-27
6.033834473562769048e-27
6.387039477130935338e-27
6.740244480699101627e-27
7.093449484267267917e-27
7.446654487835432772e-27
7.799859491403599062e-27
8.153064494971765351e-27
8.506269498539931641e-27
8.859474502108097931e-27
9.212679505676264221e-27
9.565884509244430510e-27
9.919089512812595365e-27
1.027229451638076165e-26
