1.271056062036420665e-29
1.656755832585403634e-28
3.186406058967165426e-28
4.716056285348926545e-28
6.245706511730688561e-28
7.775356738112450577e-28
9.305006964494210799e-28
1.083465719087597281e-27
1.236430741725773483e-27
1.389395764363949685e-27
1.542360787002125886e-27
1.695325809640301729e-27
1.848290832278477751e-27
2.001255854916654132e-27
2.154220877554830155e-27
2.307185900193006535e-27
2.460150922831182558e-27
2.613115945469358580e-27
2.766080968107534961e-27
2.919045990745710983e-27
3.072011013383887364e-27
3.224976036022063386e-27
3.377941058660239409e-27
3.530906081298415789e-27
3.683871103936591453e-27
3.836836126574767834e-27
3.989801149212944215e-27
4.142766171851120596e-27
4.295731194489296259e-27
4.448696217127472640e-27
