1.371684482088425746e-29
1.787919773204913257e-28
3.438671098200984052e-28
5.089422423197054399e-28
6.740173748193125642e-28
8.390925073189196885e-28
1.004167639818526633e-27
1.169242772318133758e-27
1.334317904817740882e-27
1.499393037317348006e-27
1.664468169816955310e-27
1.829543302316562255e-27
1.994618434816169200e-27
2.159693567315776504e-27
2.324768699815383449e-27
2.489843832314990752e-27
2.654918964814597697e-27
2.819994097314204642e-27
2.985069229813811946e-27
3.150144362313418891e-27
3.315219494813025836e-27
3.480294627312632422e-27
3.645369759812239726e-27
3.810444892311847029e-27
3.975520024811453616e-27
4.140595157311060919e-27
4.305670289810668223e-27
4.470745422310275527e-27
4.635820554809882113e-27
4.800895687309489417e-27
