1.574599054022216796e-29
2.052408422139303284e-28
3.947356938876384944e-28
5.842305455613466605e-28
7.737253972350548265e-28
9.632202489087629925e-28
1.152715100582471159e-27
1.342209952256179325e-27
1.531704803929887491e-27
1.721199655603595657e-27
1.910694507277303823e-27
2.100189358951011989e-27
2.289684210624720155e-27
2.479179062298428321e-27
2.668673913972136487e-27
2.858168765645844653e-27
3.047663617319552819e-27
3.237158468993260985e-27
3.426653320666969151e-27
3.616148172340677317e-27
3.805643024014385483e-27
3.995137875688093649e-27
4.184632727361801815e-27
4.374127579035509981e-27
4.563622430709218147e-27
4.753117282382926313e-27
4.942612134056634479e-27
5.132106985730342645e-27
5.321601837404050811e-27
5.511096689077758977e-27
