4.061430634195735741e-29
5.293864757675820733e-28
1.018158645193206671e-27
1.506930814618831359e-27
1.995702984044456047e-27
2.484475153470080735e-27
2.973247322895705423e-27
3.462019492321330470e-27
3.950791661746954799e-27
4.439563831172579128e-27
4.928336000598204174e-27
5.417108170023829221e-27
5.905880339449453550e-27
6.394652508875077879e-27
6.883424678300704361e-27
7.372196847726328690e-27
7.860969017151953019e-27
8.349741186577577348e-27
8.838513356003201677e-27
9.327285525428827441e-27
9.816057694854451770e-27
1.030482986428007610e-26
1.079360203370570186e-26
1.128237420313132619e-26
1.177114637255695052e-26
1.225991854198257485e-26
1.274869071140819918e-26
1.323746288083382351e-26
1.372623505025945071e-26
1.421500721968507504e-26
