1.165254649440915660e-29
1.518849163754020956e-28
2.921172862563950276e-28
4.323496561373879371e-28
5.725820260183808915e-28
7.128143958993738459e-28
8.530467657803666210e-28
9.932791356613595754e-28
1.133511505542352530e-27
1.273743875423345484e-27
1.413976245304338439e-27
1.554208615185331393e-27
1.694440985066324168e-27
1.834673354947317302e-27
1.974905724828310077e-27
2.115138094709303211e-27
2.255370464590295986e-27
2.395602834471288761e-27
2.535835204352281894e-27
2.676067574233274669e-27
2.816299944114267803e-27
2.956532313995260578e-27
3.096764683876253712e-27
3.236997053757246487e-27
3.377229423638239621e-27
3.517461793519232755e-27
3.657694163400225888e-27
3.797926533281218305e-27
3.938158903162211438e-27
4.078391273043204572e-27
