3.863142349375282848e-29
5.035406234702954653e-28
9.684498234468380796e-28
1.433359023423380694e-27
1.898268223399923308e-27
2.363177423376466102e-27
2.828086623353008537e-27
3.292995823329550613e-27
3.757905023306093407e-27
4.222814223282636201e-27
4.687723423259178994e-27
5.152632623235721071e-27
5.617541823212263864e-27
6.082451023188806658e-27
6.547360223165349452e-27
7.012269423141892246e-27
7.477178623118435039e-27
7.942087823094977833e-27
8.406997023071520627e-27
8.871906223048063421e-27
9.336815423024606214e-27
9.801724623001147573e-27
1.026663382297769037e-26
1.073154302295423316e-26
1.119645222293077595e-26
1.166136142290731875e-26
1.212627062288386154e-26
1.259117982286040434e-26
1.305608902283694569e-26
1.352099822281348849e-26
