2.333068160415015531e-29
3.041033671161640576e-28
5.848760526281779739e-28
8.656487381401920248e-28
1.146421423652205896e-27
1.427194109164219768e-27
1.707966794676233819e-27
1.988739480188247690e-27
2.269512165700261561e-27
2.550284851212275433e-27
2.831057536724289304e-27
3.111830222236303176e-27
3.392602907748317047e-27
3.673375593260330919e-27
3.954148278772344790e-27
4.234920964284358662e-27
4.515693649796372533e-27
4.796466335308386405e-27
5.077239020820400276e-27
5.358011706332414148e-27
5.638784391844428019e-27
5.919557077356441891e-27
6.200329762868455762e-27
6.481102448380469634e-27
6.761875133892484940e-27
7.042647819404498811e-27
7.323420504916512683e-27
7.604193190428526554e-27
7.884965875940540426e-27
8.165738561452554297e-27
