1.599154740052911650e-29
2.084415488758622823e-28
4.008915503511954285e-28
5.933415518265284850e-28
7.857915533018616761e-28
9.782415547771948671e-28
1.170691556252527879e-27
1.363141557727861070e-27
1.555591559203194261e-27
1.748041560678527452e-27
1.940491562153860643e-27
2.132941563629193834e-27
2.325391565104526666e-27
2.517841566579859857e-27
2.710291568055193048e-27
2.902741569530526239e-27
3.095191571005859431e-27
3.287641572481192263e-27
3.480091573956525813e-27
3.672541575431858645e-27
3.864991576907192195e-27
4.057441578382525027e-27
4.249891579857858577e-27
4.442341581333191409e-27
4.634791582808524241e-27
4.827241584283857791e-27
5.019691585759190623e-27
5.212141587234524173e-27
5.404591588709857006e-27
5.597041590185190555e-27
