8.077289728307358653e-29
1.052832937000062597e-27
2.024892976717051540e-27
2.996953016434040483e-27
3.969013056151029425e-27
4.941073095868018368e-27
5.913133135585007311e-27
6.885193175301996254e-27
7.857253215018984480e-27
8.829313254735972705e-27
9.801373294452962366e-27
1.077343333416995203e-26
1.174549337388694025e-26
1.271755341360392848e-26
1.368961345332091957e-26
1.466167349303790780e-26
1.563373353275489602e-26
1.660579357247188425e-26
1.757785361218887247e-26
1.854991365190586357e-26
1.952197369162285179e-26
2.049403373133984002e-26
2.146609377105683112e-26
2.243815381077381934e-26
2.341021385049080757e-26
2.438227389020779579e-26
2.535433392992478402e-26
2.632639396964177511e-26
2.729845400935876908e-26
2.827051404907575730e-26
