1.267210408961422437e-29
1.651743222715233223e-28
3.176765404534324511e-28
4.701787586353414677e-28
6.226809768172506189e-28
7.751831949991597701e-28
9.276854131810687420e-28
1.080187631362977893e-27
1.232689849544887044e-27
1.385192067726796196e-27
1.537694285908705347e-27
1.690196504090614498e-27
1.842698722272523290e-27
1.995200940454432442e-27
2.147703158636341593e-27
2.300205376818250744e-27
2.452707595000159895e-27
2.605209813182069046e-27
2.757712031363978198e-27
2.910214249545887349e-27
3.062716467727796500e-27
3.215218685909705292e-27
3.367720904091614802e-27
3.520223122273523595e-27
3.672725340455432387e-27
3.825227558637341897e-27
3.977729776819250690e-27
4.130231995001160200e-27
4.282734213183068992e-27
4.435236431364978502e-27
