1.236615661394196709e-29
1.611864551748297697e-28
3.100067537357175737e-28
4.588270522966054001e-28
6.076473508574931817e-28
7.564676494183809633e-28
9.052879479792688345e-28
1.054108246540156616e-27
1.202928545101044398e-27
1.351748843661932179e-27
1.500569142222819961e-27
1.649389440783707922e-27
1.798209739344595883e-27
1.947030037905483485e-27
2.095850336466371446e-27
2.244670635027259048e-27
2.393490933588147009e-27
2.542311232149034970e-27
2.691131530709922572e-27
2.839951829270810533e-27
2.988772127831698135e-27
3.137592426392586096e-27
3.286412724953473340e-27
3.435233023514361301e-27
3.584053322075249262e-27
3.732873620636137223e-27
3.881693919197024466e-27
4.030514217757912427e-27
4.179334516318800388e-27
4.328154814879688349e-27
