4.473352628786449851e-29
5.830783771314752242e-28
1.121423227975085843e-27
1.659768078818696732e-27
2.198112929662307440e-27
2.736457780505918149e-27
3.274802631349528858e-27
3.813147482193139567e-27
4.351492333036750276e-27
4.889837183880360985e-27
5.428182034723971693e-27
5.966526885567582402e-27
6.504871736411193111e-27
7.043216587254804537e-27
7.581561438098414529e-27
8.119906288942024520e-27
8.658251139785635946e-27
9.196595990629247373e-27
9.734940841472857364e-27
1.027328569231646736e-26
1.081163054316007878e-26
1.134997539400369021e-26
1.188832024484730020e-26
1.242666509569091019e-26
1.296500994653452018e-26
1.350335479737813161e-26
1.404169964822174303e-26
1.458004449906535159e-26
1.511838934990896302e-26
1.565673420075257444e-26
