1.209047436996734982e-29
1.575930797188847584e-28
3.030956850678021641e-28
4.485982904167195250e-28
5.941008957656369307e-28
7.396035011145543365e-28
8.851061064634718319e-28
1.030608711812389148e-27
1.176111317161306643e-27
1.321613922510224139e-27
1.467116527859141455e-27
1.612619133208058771e-27
1.758121738556976266e-27
1.903624343905893762e-27
2.049126949254810898e-27
2.194629554603728394e-27
2.340132159952645889e-27
2.485634765301563385e-27
2.631137370650480880e-27
2.776639975999398017e-27
2.922142581348315512e-27
3.067645186697233008e-27
3.213147792046150144e-27
3.358650397395067640e-27
3.504153002743984776e-27
3.649655608092901913e-27
3.795158213441819767e-27
3.940660818790736904e-27
4.086163424139654041e-27
4.231666029488571895e-27
