1.552944379434038679e-29
2.024182673882988322e-28
3.893070909822573028e-28
5.761959145762157286e-28
7.630847381701741992e-28
9.499735617641326698e-28
1.136862385358091051e-27
1.323751208952049611e-27
1.510640032546007992e-27
1.697528856139966373e-27
1.884417679733924933e-27
2.071306503327883493e-27
2.258195326921841695e-27
2.445084150515800255e-27
2.631972974109758816e-27
2.818861797703717017e-27
3.005750621297675577e-27
3.192639444891634138e-27
3.379528268485591981e-27
3.566417092079550900e-27
3.753305915673509101e-27
3.940194739267467303e-27
4.127083562861426222e-27
4.313972386455384423e-27
4.500861210049342625e-27
4.687750033643301544e-27
4.874638857237259745e-27
5.061527680831217947e-27
5.248416504425176866e-27
5.435305328019135068e-27
