1.469897397138627433e-29
1.915935227994486744e-28
3.684880716275110773e-28
5.453826204555735026e-28
7.222771692836359279e-28
8.991717181116983532e-28
1.076066266939760689e-27
1.252960815767823204e-27
1.429855364595885539e-27
1.606749913423947875e-27
1.783644462252010390e-27
1.960539011080072905e-27
2.137433559908135061e-27
2.314328108736197576e-27
2.491222657564260091e-27
2.668117206392322248e-27
2.845011755220384763e-27
3.021906304048447278e-27
3.198800852876509434e-27
3.375695401704571949e-27
3.552589950532634105e-27
3.729484499360696261e-27
3.906379048188759135e-27
4.083273597016821291e-27
4.260168145844883448e-27
4.437062694672946321e-27
4.613957243501008477e-27
4.790851792329070634e-27
4.967746341157133507e-27
5.144640889985195664e-27
