1.434995543642933645e-29
1.870442467231134046e-28
3.597385380097974700e-28
5.324328292964815578e-28
7.051271205831656008e-28
8.778214118698497335e-28
1.050515703156533776e-27
1.223209994443217819e-27
1.395904285729901862e-27
1.568598577016585905e-27
1.741292868303270128e-27
1.913987159589954171e-27
2.086681450876638214e-27
2.259375742163322257e-27
2.432070033450006300e-27
2.604764324736690343e-27
2.777458616023374386e-27
2.950152907310058428e-27
3.122847198596742471e-27
3.295541489883426873e-27
3.468235781170110916e-27
3.640930072456794959e-27
3.813624363743479002e-27
3.986318655030163045e-27
4.159012946316847088e-27
4.331707237603531131e-27
4.504401528890215174e-27
4.677095820176899217e-27
4.849790111463583260e-27
5.022484402750267303e-27
