1.364408511025686164e-29
1.778435921267963395e-28
3.420430991433358117e-28
5.062426061598752839e-28
6.704421131764147561e-28
8.346416201929542284e-28
9.988411272094937006e-28
1.163040634226033173e-27
1.327240141242572645e-27
1.491439648259112117e-27
1.655639155275651589e-27
1.819838662292190882e-27
1.984038169308730534e-27
2.148237676325270186e-27
2.312437183341809478e-27
2.476636690358348771e-27
2.640836197374888423e-27
2.805035704391428074e-27
2.969235211407967367e-27
3.133434718424506660e-27
3.297634225441045953e-27
3.461833732457585605e-27
3.626033239474124539e-27
3.790232746490664190e-27
3.954432253507203842e-27
4.118631760523743493e-27
4.282831267540283145e-27
4.447030774556822079e-27
4.611230281573361731e-27
4.775429788589901382e-27
