1.524357536256940842e-29
1.986921202431460498e-28
3.821406651237226660e-28
5.655892100042993943e-28
7.490377548848759881e-28
9.324862997654525818e-28
1.115934844646029355e-27
1.299383389526605949e-27
1.482831934407182542e-27
1.666280479287759136e-27
1.849729024168335551e-27
2.033177569048912324e-27
2.216626113929489097e-27
2.400074658810065511e-27
2.583523203690642284e-27
2.766971748571218699e-27
2.950420293451795472e-27
3.133868838332372245e-27
3.317317383212949377e-27
3.500765928093525791e-27
3.684214472974102206e-27
3.867663017854679338e-27
4.051111562735255752e-27
4.234560107615832166e-27
4.418008652496409298e-27
4.601457197376985713e-27
4.784905742257562127e-27
4.968354287138138541e-27
5.151802832018715673e-27
5.335251376899292088e-27
