1.420102472287418929e-29
1.851030119050497955e-28
3.560049990872253680e-28
5.269069862694010302e-28
6.978089734515766028e-28
8.687109606337522650e-28
1.039612947815927838e-27
1.210514934998103410e-27
1.381416922180278983e-27
1.552318909362454555e-27
1.723220896544630128e-27
1.894122883726805521e-27
2.065024870908981273e-27
2.235926858091156666e-27
2.406828845273332418e-27
2.577730832455507811e-27
2.748632819637683563e-27
2.919534806819859315e-27
3.090436794002034708e-27
3.261338781184210101e-27
3.432240768366386212e-27
3.603142755548561605e-27
3.774044742730736998e-27
3.944946729912912392e-27
4.115848717095088502e-27
4.286750704277263895e-27
4.457652691459439289e-27
4.628554678641615399e-27
4.799456665823790792e-27
4.970358653005966186e-27
