1.986391062888647363e-29
2.589158006110029850e-28
4.979676905931195609e-28
7.370195805752360919e-28
9.760714705573525333e-28
1.215123360539469064e-27
1.454175250521585595e-27
1.693227140503702485e-27
1.932279030485818837e-27
2.171330920467935188e-27
2.410382810450051899e-27
2.649434700432168609e-27
2.888486590414284961e-27
3.127538480396401313e-27
3.366590370378518382e-27
3.605642260360634733e-27
3.844694150342751085e-27
4.083746040324867437e-27
4.322797930306983788e-27
4.561849820289100857e-27
4.800901710271217209e-27
5.039953600253333561e-27
5.279005490235450630e-27
5.518057380217566981e-27
5.757109270199683333e-27
5.996161160181799685e-27
6.235213050163916036e-27
6.474264940146033106e-27
6.713316830128150175e-27
6.952368720110265809e-27
