1.544415435892356001e-29
2.013065637128657120e-28
3.871689730668078361e-28
5.730313824207500049e-28
7.588937917746921289e-28
9.447562011286343426e-28
1.130618610482576556e-27
1.316481019836518591e-27
1.502343429190460804e-27
1.688205838544402839e-27
1.874068247898344873e-27
2.059930657252286907e-27
2.245793066606229300e-27
2.431655475960171335e-27
2.617517885314113369e-27
2.803380294668055762e-27
2.989242704021997796e-27
3.175105113375939831e-27
3.360967522729882583e-27
3.546829932083824258e-27
3.732692341437766651e-27
3.918554750791709044e-27
4.104417160145650720e-27
4.290279569499593113e-27
4.476141978853535506e-27
4.662004388207477182e-27
4.847866797561419575e-27
5.033729206915361968e-27
5.219591616269303643e-27
5.405454025623246036e-27
