1.441129150432946881e-29
1.878437306426392527e-28
3.612761697809490619e-28
5.347086089192588262e-28
7.081410480575685905e-28
8.815734871958784445e-28
1.055005926334188209e-27
1.228438365472497973e-27
1.401870804610807737e-27
1.575303243749117502e-27
1.748735682887427445e-27
1.922168122025737030e-27
2.095600561164046974e-27
2.269033000302356559e-27
2.442465439440666503e-27
2.615897878578976088e-27
2.789330317717286031e-27
2.962762756855595975e-27
3.136195195993905560e-27
3.309627635132215862e-27
3.483060074270525806e-27
3.656492513408835032e-27
3.829924952547144976e-27
4.003357391685454920e-27
4.176789830823764863e-27
4.350222269962074807e-27
4.523654709100384033e-27
4.697087148238693977e-27
4.870519587377003920e-27
5.043952026515313864e-27
