2.974280223859608446e-29
3.876820429720455719e-28
7.456212837054950370e-28
1.103560524438944502e-27
1.461499765172393877e-27
1.819439005905843253e-27
2.177378246639292987e-27
2.535317487372742362e-27
2.893256728106191738e-27
3.251195968839641472e-27
3.609135209573090488e-27
3.967074450306540222e-27
4.325013691039989956e-27
4.682952931773438973e-27
5.040892172506888707e-27
5.398831413240337724e-27
5.756770653973787458e-27
6.114709894707237192e-27
6.472649135440686926e-27
6.830588376174135943e-27
7.188527616907584959e-27
7.546466857641035411e-27
7.904406098374484428e-27
8.262345339107933444e-27
8.620284579841383896e-27
8.978223820574832912e-27
9.336163061308281929e-27
9.694102302041730946e-27
1.005204154277518140e-26
1.040998078350863041e-26
