1.363041773081060405e-29
1.776654449050485763e-28
3.417004720792865149e-28
5.057354992535244983e-28
6.697705264277624818e-28
8.338055536020002858e-28
9.978405807762382693e-28
1.161875607950476253e-27
1.325910635124714236e-27
1.489945662298952220e-27
1.653980689473190203e-27
1.818015716647428186e-27
1.982050743821666170e-27
2.146085770995904153e-27
2.310120798170142137e-27
2.474155825344380120e-27
2.638190852518618104e-27
2.802225879692856087e-27
2.966260906867094071e-27
3.130295934041332054e-27
3.294330961215569320e-27
3.458365988389807662e-27
3.622401015564045287e-27
3.786436042738283629e-27
3.950471069912521254e-27
4.114506097086759596e-27
4.278541124260997221e-27
4.442576151435235563e-27
4.606611178609473188e-27
4.770646205783711530e-27
