2.103647316967941533e-29
2.741995468323730486e-28
5.273626204950667043e-28
7.805256941577603601e-28
1.033688767820454105e-27
1.286851841483147672e-27
1.540014915145841417e-27
1.793177988808534983e-27
2.046341062471228549e-27
2.299504136133922115e-27
2.552667209796615681e-27
2.805830283459309606e-27
3.058993357122003172e-27
3.312156430784697097e-27
3.565319504447391021e-27
3.818482578110084229e-27
4.071645651772778153e-27
4.324808725435472078e-27
4.577971799098165286e-27
4.831134872760859210e-27
5.084297946423552418e-27
5.337461020086246342e-27
5.590624093748940267e-27
5.843787167411633474e-27
6.096950241074327399e-27
6.350113314737021324e-27
6.603276388399713814e-27
6.856439462062407739e-27
7.109602535725101663e-27
7.362765609387795588e-27
