1.163865567766788305e-29
1.517038567640848224e-28
2.917690578505017716e-28
4.318342589369187208e-28
5.718994600233357149e-28
7.119646611097527089e-28
8.520298621961695236e-28
9.920950632825865177e-28
1.132160264369003512e-27
1.272225465455420506e-27
1.412290666541837500e-27
1.552355867628254314e-27
1.692421068714671129e-27
1.832486269801088303e-27
1.972551470887505117e-27
2.112616671973922291e-27
2.252681873060339105e-27
2.392747074146755920e-27
2.532812275233173093e-27
2.672877476319589908e-27
2.812942677406007082e-27
2.953007878492423896e-27
3.093073079578840711e-27
3.233138280665257526e-27
3.373203481751674340e-27
3.513268682838091872e-27
3.653333883924508687e-27
3.793399085010925502e-27
3.933464286097342316e-27
4.073529487183759131e-27
