1.210539076725668145e-29
1.577875072421733159e-28
3.034696237170899223e-28
4.491517401920065511e-28
5.948338566669231799e-28
7.405159731418398088e-28
8.861980896167564376e-28
1.031880206091673066e-27
1.177562322566589695e-27
1.323244439041506324e-27
1.468926555516422953e-27
1.614608671991339582e-27
1.760290788466256390e-27
1.905972904941173019e-27
2.051655021416089648e-27
2.197337137891006276e-27
2.343019254365922905e-27
2.488701370840839534e-27
2.634383487315756163e-27
2.780065603790672792e-27
2.925747720265589420e-27
3.071429836740506049e-27
3.217111953215422678e-27
3.362794069690338948e-27
3.508476186165255577e-27
3.654158302640172206e-27
3.799840419115088835e-27
3.945522535590005464e-27
4.091204652064922092e-27
4.236886768539838721e-27
