1.266672413291074983e-29
1.651041973186297508e-28
3.175416705043487238e-28
4.699791436900677417e-28
6.224166168757867595e-28
7.748540900615057773e-28
9.272915632472246158e-28
1.079729036432943634e-27
1.232166509618662651e-27
1.384603982804381669e-27
1.537041455990100687e-27
1.689478929175819705e-27
1.841916402361538543e-27
1.994353875547257741e-27
2.146791348732976579e-27
2.299228821918695776e-27
2.451666295104414615e-27
2.604103768290133453e-27
2.756541241475852650e-27
2.908978714661571489e-27
3.061416187847290686e-27
3.213853661033009525e-27
3.366291134218729080e-27
3.518728607404447919e-27
3.671166080590166757e-27
3.823603553775885596e-27
3.976041026961605152e-27
4.128478500147323990e-27
4.280915973333042829e-27
4.433353446518761667e-27
