1.747959267529230577e-29
2.278374493538100276e-28
4.381953060323277467e-28
6.485531627108454209e-28
8.589110193893631848e-28
1.069268876067880949e-27
1.279626732746398533e-27
1.489984589424916297e-27
1.700342446103433882e-27
1.910700302781951646e-27
2.121058159460469410e-27
2.331416016138987173e-27
2.541773872817504579e-27
2.752131729496022343e-27
2.962489586174540106e-27
3.172847442853057870e-27
3.383205299531575634e-27
3.593563156210093039e-27
3.803921012888611162e-27
4.014278869567128567e-27
4.224636726245646690e-27
4.434994582924164095e-27
4.645352439602682218e-27
4.855710296281199623e-27
5.066068152959717028e-27
5.276426009638235151e-27
5.486783866316752556e-27
5.697141722995270679e-27
5.907499579673788084e-27
6.117857436352306206e-27
