1.411539170689657962e-29
1.839868298347209039e-28
3.538582679625452225e-28
5.237297060903694963e-28
6.936011442181938149e-28
8.634725823460180438e-28
1.033344020473842452e-27
1.203215458601666860e-27
1.373086896729491089e-27
1.542958334857315318e-27
1.712829772985139547e-27
1.882701211112964135e-27
2.052572649240788364e-27
2.222444087368612593e-27
2.392315525496437181e-27
2.562186963624261409e-27
2.732058401752085638e-27
2.901929839879909867e-27
3.071801278007734096e-27
3.241672716135559043e-27
3.411544154263382913e-27
3.581415592391207501e-27
3.751287030519032088e-27
3.921158468646855959e-27
4.091029906774680546e-27
4.260901344902505134e-27
4.430772783030329004e-27
4.600644221158153592e-27
4.770515659285978179e-27
4.940387097413802050e-27
