1.237617247523974749e-29
1.613170067462284389e-28
3.102578410172171597e-28
4.591986752882058805e-28
6.081395095591945565e-28
7.570803438301832325e-28
9.060211781011719085e-28
1.054962012372160584e-27
1.203902846643149260e-27
1.352843680914137936e-27
1.501784515185126612e-27
1.650725349456115647e-27
1.799666183727104323e-27
1.948607017998092999e-27
2.097547852269081675e-27
2.246488686540070351e-27
2.395429520811059027e-27
2.544370355082047703e-27
2.693311189353036379e-27
2.842252023624025055e-27
2.991192857895013731e-27
3.140133692166002407e-27
3.289074526436991442e-27
3.438015360707979759e-27
3.586956194978968794e-27
3.735897029249957111e-27
3.884837863520946146e-27
4.033778697791934463e-27
4.182719532062923498e-27
4.331660366333911815e-27
