1.285362238286383880e-29
1.675403193352596517e-28
3.222270162876554870e-28
4.769137132400512775e-28
6.316004101924470679e-28
7.862871071448428584e-28
9.409738040972387386e-28
1.095660501049634439e-27
1.250347198002030319e-27
1.405033894954426200e-27
1.559720591906821900e-27
1.714407288859217781e-27
1.869093985811613661e-27
2.023780682764009541e-27
2.178467379716405062e-27
2.333154076668800942e-27
2.487840773621196823e-27
2.642527470573592703e-27
2.797214167525988583e-27
2.951900864478384104e-27
3.106587561430779984e-27
3.261274258383176582e-27
3.415960955335572104e-27
3.570647652287967625e-27
3.725334349240363864e-27
3.880021046192759385e-27
4.034707743145155624e-27
4.189394440097551146e-27
4.344081137049946667e-27
4.498767834002342906e-27
