1.411409020738121366e-29
1.839698654617275329e-28
3.538256407160738830e-28
5.236814159704201882e-28
6.935371912247664934e-28
8.633929664791128883e-28
1.033248741733459194e-27
1.203104516987805499e-27
1.372960292242151804e-27
1.542816067496498109e-27
1.712671842750844773e-27
1.882527618005190899e-27
2.052383393259537384e-27
2.222239168513883510e-27
2.392094943768229994e-27
2.561950719022576120e-27
2.731806494276922605e-27
2.901662269531269089e-27
3.071518044785615215e-27
3.241373820039961700e-27
3.411229595294308184e-27
3.581085370548653951e-27
3.750941145803000436e-27
3.920796921057346921e-27
4.090652696311693405e-27
4.260508471566039890e-27
4.430364246820385657e-27
4.600220022074732141e-27
4.770075797329078626e-27
4.939931572583425111e-27
