2.150535438847415522e+07
2.150535438845970109e+07
2.150535438842074946e+07
2.150535438835685328e+07
2.150535438826854154e+07
2.150535438815607131e+07
2.150535438801852614e+07
2.150535438785667345e+07
2.150535438767036051e+07
2.150535438745864853e+07
2.150535438722304627e+07
2.150535438696325198e+07
2.150535438667789847e+07
2.150535438636817783e+07
2.150535438603413478e+07
2.150535438567550853e+07
2.150535438529232144e+07
2.150535438488391787e+07
2.150535438445139304e+07
2.150535438399403170e+07
2.150535438351285458e+07
2.150535438300606981e+07
2.150535438247489929e+07
2.150535438191947713e+07
2.150535438133939356e+07
2.150535438073468581e+07
2.150535438010522351e+07
2.150535437945130840e+07
2.150535437877223641e+07
2.150535437806896120e+07
