3.696276210061192513e+07
3.696276210054678470e+07
3.696276210036887974e+07
3.696276210008198023e+07
3.696276209968408197e+07
3.696276209917434305e+07
3.696276209855092317e+07
3.696276209781810641e+07
3.696276209697468579e+07
3.696276209602025896e+07
3.696276209495306015e+07
3.696276209377492964e+07
3.696276209248640388e+07
3.696276209108502418e+07
3.696276208957456052e+07
3.696276208795125782e+07
3.696276208621676266e+07
3.696276208437192440e+07
3.696276208241381496e+07
3.696276208034524322e+07
3.696276207816657424e+07
3.696276207587659359e+07
3.696276207347470522e+07
3.696276207096038014e+07
3.696276206833621860e+07
3.696276206560012698e+07
3.696276206275163591e+07
3.696276205979422480e+07
3.696276205672429502e+07
3.696276205354321003e+07
