6.998691333916981705e+06
6.998691333874872886e+06
6.998691333760316484e+06
6.998691333573316224e+06
6.998691333313931711e+06
6.998691332982248627e+06
6.998691332578127272e+06
6.998691332101707347e+06
6.998691331552861258e+06
6.998691330931684002e+06
6.998691330238027498e+06
6.998691329472152516e+06
6.998691328633694910e+06
6.998691327723036520e+06
6.998691326739947312e+06
6.998691325684427284e+06
6.998691324556643143e+06
6.998691323356405832e+06
6.998691322083875537e+06
6.998691320738903247e+06
6.998691319321484305e+06
6.998691317831746303e+06
6.998691316269625910e+06
6.998691314635185525e+06
6.998691312928302214e+06
6.998691311149054207e+06
6.998691309297489934e+06
6.998691307373516262e+06
6.998691305377206765e+06
6.998691303308465518e+06
