1.543039461155208573e+07
1.543039461150206439e+07
1.543039461136545241e+07
1.543039461114263162e+07
1.543039461083337292e+07
1.543039461043792404e+07
1.543039460995592922e+07
1.543039460938816704e+07
1.543039460873356648e+07
1.543039460799320787e+07
1.543039460716616176e+07
1.543039460625307262e+07
1.543039460525323078e+07
1.543039460416806117e+07
1.543039460299582779e+07
1.543039460173751041e+07
1.543039460039312951e+07
1.543039459896204062e+07
1.543039459744497947e+07
1.543039459584157728e+07
1.543039459415164962e+07
1.543039459237555228e+07
1.543039459051286243e+07
1.543039458856478333e+07
1.543039458653008752e+07
1.543039458440868184e+07
1.543039458220117167e+07
1.543039457990765758e+07
1.543039457752771303e+07
1.543039457506107166e+07
