5.353618946186096407e+06
5.353618946171145886e+06
5.353618946130347438e+06
5.353618946063944139e+06
5.353618945971737616e+06
5.353618945853778161e+06
5.353618945710142143e+06
5.353618945540762506e+06
5.353618945345628075e+06
5.353618945124791004e+06
5.353618944878306240e+06
5.353618944605917670e+06
5.353618944307945669e+06
5.353618943984108046e+06
5.353618943634606898e+06
5.353618943259425461e+06
5.353618942858402617e+06
5.353618942431760952e+06
5.353618941979372874e+06
5.353618941501180641e+06
5.353618940997330472e+06
5.353618940467743203e+06
5.353618939912410453e+06
5.353618939331322908e+06
5.353618938724576496e+06
5.353618938092013821e+06
5.353618937433706596e+06
5.353618936749787070e+06
5.353618936040090397e+06
5.353618935304599814e+06
