1.063797362220399082e+07
1.063797362219540216e+07
1.063797362217205577e+07
1.063797362213381939e+07
1.063797362208075635e+07
1.063797362201305106e+07
1.063797362193075009e+07
1.063797362183362804e+07
1.063797362172123045e+07
1.063797362159481272e+07
1.063797362145314366e+07
1.063797362129692733e+07
1.063797362112571299e+07
1.063797362094010226e+07
1.063797362073936500e+07
1.063797362052392773e+07
1.063797362029402703e+07
1.063797362004915252e+07
1.063797361978924461e+07
1.063797361951483414e+07
1.063797361922580935e+07
1.063797361892196536e+07
1.063797361860290356e+07
1.063797361826934852e+07
1.063797361792141572e+07
1.063797361755810864e+07
1.063797361718029343e+07
1.063797361678769812e+07
1.063797361638041213e+07
1.063797361595817469e+07
