5.836291600759409368e+06
5.836291600730562583e+06
5.836291600652035326e+06
5.836291600524048321e+06
5.836291600346454419e+06
5.836291600119281560e+06
5.836291599842439406e+06
5.836291599516118877e+06
5.836291599140236154e+06
5.836291598714821972e+06
5.836291598239702173e+06
5.836291597715110518e+06
5.836291597140925936e+06
5.836291596517099999e+06
5.836291595843830146e+06
5.836291595120918006e+06
5.836291594348431565e+06
5.836291593526300974e+06
5.836291592654790729e+06
5.836291591733601876e+06
5.836291590762834065e+06
5.836291589742594399e+06
5.836291588672629558e+06
5.836291587553116493e+06
5.836291586384136230e+06
5.836291585165387951e+06
5.836291583897217177e+06
5.836291582579556853e+06
5.836291581212180667e+06
5.836291579795261845e+06
