1.738672109818224981e+07
1.738672109816801175e+07
1.738672109812942147e+07
1.738672109806644171e+07
1.738672109797980264e+07
1.738672109786842391e+07
1.738672109773280099e+07
1.738672109757244214e+07
1.738672109738835692e+07
1.738672109717984870e+07
1.738672109694661573e+07
1.738672109668930620e+07
1.738672109640770033e+07
1.738672109610188752e+07
1.738672109577238932e+07
1.738672109541752189e+07
1.738672109503860399e+07
1.738672109463575110e+07
1.738672109420838207e+07
1.738672109375654906e+07
1.738672109328069165e+07
1.738672109278035164e+07
1.738672109225600585e+07
1.738672109170691296e+07
1.738672109113354236e+07
1.738672109053628147e+07
1.738672108991448954e+07
1.738672108926866576e+07
1.738672108859791607e+07
1.738672108790335059e+07
