3.686109183915732801e+07
3.686109183911567926e+07
3.686109183900363743e+07
3.686109183882047981e+07
3.686109183856575936e+07
3.686109183824294806e+07
3.686109183784908801e+07
3.686109183738335222e+07
3.686109183684846014e+07
3.686109183624156564e+07
3.686109183556582034e+07
3.686109183481775969e+07
3.686109183399917185e+07
3.686109183311057091e+07
3.686109183215114474e+07
3.686109183111930639e+07
3.686109183001969755e+07
3.686109182884874940e+07
3.686109182760556042e+07
3.686109182629410177e+07
3.686109182491014153e+07
3.686109182345604151e+07
3.686109182193155587e+07
3.686109182033642381e+07
3.686109181867029518e+07
3.686109181693279743e+07
3.686109181512647867e+07
3.686109181324905157e+07
3.686109181129972637e+07
3.686109180928140879e+07
