5.404209841066534631e+06
5.404209841031283140e+06
5.404209840935589746e+06
5.404209840779377148e+06
5.404209840562718920e+06
5.404209840285628103e+06
5.404209839948132634e+06
5.404209839550157078e+06
5.404209839091589674e+06
5.404209838572735898e+06
5.404209837993334047e+06
5.404209837353470735e+06
5.404209836653307080e+06
5.404209835892374627e+06
5.404209835071221925e+06
5.404209834189508110e+06
5.404209833247407340e+06
5.404209832244819030e+06
5.404209831181708723e+06
5.404209830058171414e+06
5.404209828874241561e+06
5.404209827629865147e+06
5.404209826324971393e+06
5.404209824959635735e+06
5.404209823533779010e+06
5.404209822047551163e+06
5.404209820500824600e+06
5.404209818893695250e+06
5.404209817226098850e+06
5.404209815497918986e+06
