3.025929446063642856e+06
3.025929446061439812e+06
3.025929446055408567e+06
3.025929446045535617e+06
3.025929446031851694e+06
3.025929446014398243e+06
3.025929445993070956e+06
3.025929445967989042e+06
3.025929445939052850e+06
3.025929445906312671e+06
3.025929445869758725e+06
3.025929445829377044e+06
3.025929445785188116e+06
3.025929445737201255e+06
3.025929445685372222e+06
3.025929445629763417e+06
3.025929445570337120e+06
3.025929445507090539e+06
3.025929445440013427e+06
3.025929445369132329e+06
3.025929445294422098e+06
3.025929445215954911e+06
3.025929445133599453e+06
3.025929445047461428e+06
3.025929444957481232e+06
3.025929444863723591e+06
3.025929444766178261e+06
3.025929444664785638e+06
3.025929444559548516e+06
3.025929444450528827e+06
