1.035159215868616663e+07
1.035159215868191049e+07
1.035159215867034160e+07
1.035159215865162201e+07
1.035159215862543695e+07
1.035159215859185718e+07
1.035159215855113231e+07
1.035159215850318596e+07
1.035159215844748914e+07
1.035159215838463604e+07
1.035159215831488185e+07
1.035159215823767520e+07
1.035159215815287642e+07
1.035159215806086548e+07
1.035159215796173178e+07
1.035159215785522200e+07
1.035159215774119459e+07
1.035159215762021951e+07
1.035159215749173798e+07
1.035159215735607967e+07
1.035159215721281245e+07
1.035159215706225112e+07
1.035159215690476634e+07
1.035159215673992224e+07
1.035159215656755678e+07
1.035159215638770536e+07
1.035159215620087460e+07
1.035159215600656904e+07
1.035159215580520034e+07
1.035159215559623949e+07
