9.890207901938635856e+06
9.890207901930632070e+06
9.890207901908924803e+06
9.890207901873221621e+06
9.890207901823762804e+06
9.890207901760427281e+06
9.890207901683367789e+06
9.890207901592772454e+06
9.890207901488246396e+06
9.890207901369767264e+06
9.890207901237756014e+06
9.890207901091776788e+06
9.890207900932013988e+06
9.890207900758413598e+06
9.890207900571174920e+06
9.890207900370009243e+06
9.890207900155207142e+06
9.890207899926519021e+06
9.890207899684283882e+06
9.890207899427996948e+06
9.890207899157963693e+06
9.890207898874087259e+06
9.890207898576280102e+06
9.890207898265024647e+06
9.890207897939814255e+06
9.890207897601045668e+06
9.890207897247962654e+06
9.890207896881537512e+06
9.890207896501159295e+06
9.890207896106876433e+06
