6.565443200815139338e+06
6.565443200795729645e+06
6.565443200743261725e+06
6.565443200657878071e+06
6.565443200539156795e+06
6.565443200387407094e+06
6.565443200202583335e+06
6.565443199984603561e+06
6.565443199733497575e+06
6.565443199449331500e+06
6.565443199131995440e+06
6.565443198781541549e+06
6.565443198398115113e+06
6.565443197981445119e+06
6.565443197531680577e+06
6.565443197048852220e+06
6.565443196532860398e+06
6.565443195983820595e+06
6.565443195401668549e+06
6.565443194786346518e+06
6.565443194137915969e+06
6.565443193456429988e+06
6.565443192741738632e+06
6.565443191993936896e+06
6.565443191213199869e+06
6.565443190399236977e+06
6.565443189552173950e+06
6.565443188671913929e+06
6.565443187758694403e+06
6.565443186812243424e+06
