7.427185364865985699e+06
7.427185364864312112e+06
7.427185364859746769e+06
7.427185364852246828e+06
7.427185364841914736e+06
7.427185364828539081e+06
7.427185364812431857e+06
7.427185364793324843e+06
7.427185364771509543e+06
7.427185364746510983e+06
7.427185364718887955e+06
7.427185364688179456e+06
7.427185364654634148e+06
7.427185364618178457e+06
7.427185364578878507e+06
7.427185364536610432e+06
7.427185364491518587e+06
7.427185364443384111e+06
7.427185364392607473e+06
7.427185364338682964e+06
7.427185364281969145e+06
7.427185364222423173e+06
7.427185364160031080e+06
7.427185364094574004e+06
7.427185364026225172e+06
7.427185363955104724e+06
7.427185363880949095e+06
7.427185363803968765e+06
7.427185363724150695e+06
7.427185363641261123e+06
