2.597329096925012767e+06
2.597329096921451855e+06
2.597329096911760978e+06
2.597329096895946190e+06
2.597329096874047536e+06
2.597329096845988650e+06
2.597329096811827738e+06
2.597329096771514509e+06
2.597329096725120209e+06
2.597329096672622953e+06
2.597329096613967791e+06
2.597329096549219452e+06
2.597329096478307620e+06
2.597329096401335672e+06
2.597329096318230033e+06
2.597329096228986979e+06
2.597329096133621875e+06
2.597329096032152884e+06
2.597329095924556255e+06
2.597329095810825005e+06
2.597329095691009425e+06
2.597329095565085299e+06
2.597329095433003735e+06
2.597329095294798259e+06
2.597329095150493551e+06
2.597329095000079833e+06
2.597329094843508210e+06
2.597329094680859707e+06
2.597329094512048643e+06
2.597329094337162562e+06
