5.102851940044515766e+06
5.102851940035914071e+06
5.102851940012326464e+06
5.102851939973983914e+06
5.102851939920789562e+06
5.102851939852701500e+06
5.102851939769780263e+06
5.102851939672049135e+06
5.102851939559466206e+06
5.102851939431934617e+06
5.102851939289623871e+06
5.102851939132507890e+06
5.102851938960453495e+06
5.102851938773635775e+06
5.102851938571898267e+06
5.102851938355347142e+06
5.102851938123943284e+06
5.102851937877664343e+06
5.102851937616506591e+06
5.102851937340617180e+06
5.102851937049789354e+06
5.102851936744086444e+06
5.102851936423624866e+06
5.102851936088282615e+06
5.102851935738048516e+06
5.102851935372984037e+06
5.102851934993064962e+06
5.102851934598255903e+06
5.102851934188704006e+06
5.102851933764225803e+06
