1.048373396315192687e+06
1.048373396312616300e+06
1.048373396305639762e+06
1.048373396294247126e+06
1.048373396278447588e+06
1.048373396258229273e+06
1.048373396233608946e+06
1.048373396204575081e+06
1.048373396171134314e+06
1.048373396133275586e+06
1.048373396091011586e+06
1.048373396044329391e+06
1.048373395993248210e+06
1.048373395937752095e+06
1.048373395877848379e+06
1.048373395813529612e+06
1.048373395744808367e+06
1.048373395671664970e+06
1.048373395594118512e+06
1.048373395512162824e+06
1.048373395425790106e+06
1.048373395335012581e+06
1.048373395239819656e+06
1.048373395140221342e+06
1.048373395036213449e+06
1.048373394927796442e+06
1.048373394814963802e+06
1.048373394697723677e+06
1.048373394576074556e+06
1.048373394450011197e+06
