5.085486428560792468e+06
5.085486428545636125e+06
5.085486428504709154e+06
5.085486428437888622e+06
5.085486428345200606e+06
5.085486428226731718e+06
5.085486428082345985e+06
5.085486427912062034e+06
5.085486427715886384e+06
5.085486427493947558e+06
5.085486427246017382e+06
5.085486426972363144e+06
5.085486426672762260e+06
5.085486426347332075e+06
5.085486425996020436e+06
5.085486425618802197e+06
5.085486425215763040e+06
5.085486424786886200e+06
5.085486424332113005e+06
5.085486423851511441e+06
5.085486423345078714e+06
5.085486422812653705e+06
5.085486422254386358e+06
5.085486421670373529e+06
5.085486421060414985e+06
5.085486420424616896e+06
5.085486419762961566e+06
5.085486419075416401e+06
5.085486418361998163e+06
5.085486417622766457e+06
