1.741834497017317265e+07
1.741834497015960887e+07
1.741834497012316436e+07
1.741834497006395459e+07
1.741834496998145804e+07
1.741834496987546608e+07
1.741834496974752098e+07
1.741834496959584579e+07
1.741834496942057833e+07
1.741834496922317147e+07
1.741834496900233254e+07
1.741834496875870600e+07
1.741834496849213541e+07
1.741834496820237115e+07
1.741834496788909286e+07
1.741834496755318344e+07
1.741834496719445661e+07
1.741834496681275964e+07
1.741834496640770882e+07
1.741834496597940102e+07
1.741834496552848443e+07
1.741834496505435184e+07
1.741834496455729380e+07
1.741834496403732523e+07
1.741834496349423379e+07
1.741834496292778105e+07
1.741834496233865246e+07
1.741834496172606945e+07
1.741834496109108254e+07
1.741834496043268591e+07
