7.797265277648396790e+07
7.797265277631764114e+07
7.797265277586112916e+07
7.797265277511905134e+07
7.797265277409131825e+07
7.797265277276849747e+07
7.797265277116408944e+07
7.797265276927384734e+07
7.797265276709313691e+07
7.797265276462779939e+07
7.797265276187072694e+07
7.797265275882451236e+07
7.797265275550219417e+07
7.797265275188118219e+07
7.797265274797587097e+07
7.797265274378670752e+07
7.797265273930466175e+07
7.797265273453791440e+07
7.797265272948288918e+07
7.797265272413770854e+07
7.797265271851080656e+07
7.797265271259331703e+07
7.797265270639066398e+07
7.797265269989944994e+07
7.797265269311435521e+07
7.797265268605281413e+07
7.797265267869530618e+07
7.797265267105261981e+07
7.797265266312424839e+07
7.797265265490843356e+07
