1.622545979538095929e+07
1.622545979534504563e+07
1.622545979524684697e+07
1.622545979508727789e+07
1.622545979486559518e+07
1.622545979458190314e+07
1.622545979423665442e+07
1.622545979382958263e+07
1.622545979336046427e+07
1.622545979282967001e+07
1.622545979223641381e+07
1.622545979158165865e+07
1.622545979086523876e+07
1.622545979008677416e+07
1.622545978924655542e+07
1.622545978834455460e+07
1.622545978738025948e+07
1.622545978635476343e+07
1.622545978526664339e+07
1.622545978411694430e+07
1.622545978290596232e+07
1.622545978163249232e+07
1.622545978029703163e+07
1.622545977890021540e+07
1.622545977744113095e+07
1.622545977592040971e+07
1.622545977433761954e+07
1.622545977269315347e+07
1.622545977098704875e+07
1.622545976921864785e+07
