6.533786805864552036e+06
6.533786805859192275e+06
6.533786805844844319e+06
6.533786805821194313e+06
6.533786805788331665e+06
6.533786805746690370e+06
6.533786805695506744e+06
6.533786805635470897e+06
6.533786805566181429e+06
6.533786805487778969e+06
6.533786805400252342e+06
6.533786805303587578e+06
6.533786805197867565e+06
6.533786805082928389e+06
6.533786804958894849e+06
6.533786804825581610e+06
6.533786804683265276e+06
6.533786804531800561e+06
6.533786804371208884e+06
6.533786804201534949e+06
6.533786804022621363e+06
6.533786803834645078e+06
6.533786803637512028e+06
6.533786803431238979e+06
6.533786803215812892e+06
6.533786802991312928e+06
6.533786802757686004e+06
6.533786802514719777e+06
6.533786802262926474e+06
6.533786802001817152e+06
