3.142112583175938576e+06
3.142112583172184881e+06
3.142112583161962219e+06
3.142112583145333454e+06
3.142112583122253884e+06
3.142112583092734683e+06
3.142112583056803793e+06
3.142112583014400676e+06
3.142112582965583540e+06
3.142112582910289057e+06
3.142112582848592661e+06
3.142112582780411467e+06
3.142112582705831155e+06
3.142112582624813542e+06
3.142112582537292503e+06
3.142112582443416119e+06
3.142112582343062852e+06
3.142112582236287650e+06
3.142112582123057451e+06
3.142112582003368530e+06
3.142112581877242774e+06
3.142112581744698808e+06
3.142112581605734769e+06
3.142112581460278947e+06
3.142112581308411900e+06
3.142112581150099169e+06
3.142112580985330977e+06
3.142112580814151559e+06
3.142112580636528786e+06
3.142112580452495720e+06
