1.505066191616988368e+07
1.505066191615404189e+07
1.505066191611130349e+07
1.505066191604178213e+07
1.505066191594513319e+07
1.505066191582120210e+07
1.505066191567093506e+07
1.505066191549301334e+07
1.505066191528868116e+07
1.505066191505682841e+07
1.505066191479858197e+07
1.505066191451301426e+07
1.505066191420054249e+07
1.505066191386082582e+07
1.505066191349445097e+07
1.505066191310106590e+07
1.505066191268083453e+07
1.505066191223324835e+07
1.505066191175901331e+07
1.505066191125757620e+07
1.505066191072933562e+07
1.505066191017405502e+07
1.505066190959151834e+07
1.505066190898238122e+07
1.505066190834632143e+07
1.505066190768318437e+07
1.505066190699283779e+07
1.505066190627585538e+07
1.505066190553161316e+07
1.505066190476050973e+07
