6.811536891127447598e+06
6.811536891125749797e+06
6.811536891121119261e+06
6.811536891113694757e+06
6.811536891103225760e+06
6.811536891089870594e+06
6.811536891073554754e+06
6.811536891054362059e+06
6.811536891032288782e+06
6.811536891007250175e+06
6.811536890979357995e+06
6.811536890948477201e+06
6.811536890914640389e+06
6.811536890877997503e+06
6.811536890838388354e+06
6.811536890795863234e+06
6.811536890750471503e+06
6.811536890702069737e+06
6.811536890650822781e+06
6.811536890596739016e+06
6.811536890539553948e+06
6.811536890479619615e+06
6.811536890416646376e+06
6.811536890350878239e+06
6.811536890282000415e+06
6.811536890210380778e+06
6.811536890135794878e+06
6.811536890058263205e+06
6.811536889977849089e+06
6.811536889894509688e+06
