3.751687389276160859e+06
3.751687389270398766e+06
3.751687389254616573e+06
3.751687389228894375e+06
3.751687389193216804e+06
3.751687389147574082e+06
3.751687389092057478e+06
3.751687389026536141e+06
3.751687388951007742e+06
3.751687388865578920e+06
3.751687388770198915e+06
3.751687388664850965e+06
3.751687388549527619e+06
3.751687388424305245e+06
3.751687388289070688e+06
3.751687388143922202e+06
3.751687387988840230e+06
3.751687387823771685e+06
3.751687387648719829e+06
3.751687387463755906e+06
3.751687387268821709e+06
3.751687387063954491e+06
3.751687386849116068e+06
3.751687386624338571e+06
3.751687386389637366e+06
3.751687386144869961e+06
3.751687385890237056e+06
3.751687385625650175e+06
3.751687385351041332e+06
3.751687385066568386e+06
