5.764725617628478445e+06
5.764725617624006234e+06
5.764725617611780763e+06
5.764725617591783404e+06
5.764725617564104497e+06
5.764725617528679781e+06
5.764725617485605180e+06
5.764725617434603162e+06
5.764725617376095615e+06
5.764725617309762165e+06
5.764725617235803045e+06
5.764725617154024541e+06
5.764725617064495571e+06
5.764725616967309266e+06
5.764725616862291470e+06
5.764725616749701090e+06
5.764725616629210301e+06
5.764725616501199082e+06
5.764725616365284659e+06
5.764725616221685894e+06
5.764725616070426069e+06
5.764725615911378525e+06
5.764725615744682029e+06
5.764725615570287220e+06
5.764725615387983620e+06
5.764725615198086016e+06
5.764725615000439808e+06
5.764725614795004018e+06
5.764725614581949078e+06
5.764725614361091517e+06
