3.388727188964214921e+07
3.388727188961879164e+07
3.388727188955567777e+07
3.388727188945102692e+07
3.388727188930603117e+07
3.388727188912249357e+07
3.388727188889864087e+07
3.388727188863263279e+07
3.388727188832600415e+07
3.388727188798144460e+07
3.388727188759644330e+07
3.388727188717079908e+07
3.388727188670457900e+07
3.388727188619665056e+07
3.388727188565050066e+07
3.388727188506433368e+07
3.388727188443762064e+07
3.388727188376962394e+07
3.388727188306165487e+07
3.388727188231369853e+07
3.388727188152518123e+07
3.388727188069806993e+07
3.388727187982752174e+07
3.388727187891996652e+07
3.388727187797094136e+07
3.388727187698081136e+07
3.388727187595141679e+07
3.388727187488099933e+07
3.388727187377090007e+07
3.388727187262121588e+07
