2.441869436504363082e+06
2.441869436503109988e+06
2.441869436499702279e+06
2.441869436494187452e+06
2.441869436486520804e+06
2.441869436476706527e+06
2.441869436464755796e+06
2.441869436450652312e+06
2.441869436434422620e+06
2.441869436416053213e+06
2.441869436395532917e+06
2.441869436372888274e+06
2.441869436348061543e+06
2.441869436321164016e+06
2.441869436292058788e+06
2.441869436260855291e+06
2.441869436227494385e+06
2.441869436192005873e+06
2.441869436154363677e+06
2.441869436114586890e+06
2.441869436072639655e+06
2.441869436028613243e+06
2.441869435982400551e+06
2.441869435934065375e+06
2.441869435883566272e+06
2.441869435830925126e+06
2.441869435776170343e+06
2.441869435719269793e+06
2.441869435660206713e+06
2.441869435599023011e+06
