1.317189114927548729e+07
1.317189114924500883e+07
1.317189114916266873e+07
1.317189114902795851e+07
1.317189114884119108e+07
1.317189114860242605e+07
1.317189114831169322e+07
1.317189114796846546e+07
1.317189114757322520e+07
1.317189114712602831e+07
1.317189114662669785e+07
1.317189114607534558e+07
1.317189114547153562e+07
1.317189114481583610e+07
1.317189114410781115e+07
1.317189114334799163e+07
1.317189114253581129e+07
1.317189114167206176e+07
1.317189114075557701e+07
1.317189113978723437e+07
1.317189113876668364e+07
1.317189113769415766e+07
1.317189113656929508e+07
1.317189113539277948e+07
1.317189113416390307e+07
1.317189113288271986e+07
1.317189113154950179e+07
1.317189113016436622e+07
1.317189112872698344e+07
1.317189112723744288e+07
