9.715161147540020756e+05
9.715161147526853019e+05
9.715161147491163574e+05
9.715161147432974540e+05
9.715161147352200933e+05
9.715161147248963825e+05
9.715161147123125847e+05
9.715161146974754520e+05
9.715161146803958109e+05
9.715161146610429278e+05
9.715161146394544048e+05
9.715161146156055620e+05
9.715161145895014051e+05
9.715161145611419342e+05
9.715161145305376267e+05
9.715161144976734649e+05
9.715161144625551533e+05
9.715161144251868827e+05
9.715161143855613191e+05
9.715161143436892889e+05
9.715161142995597329e+05
9.715161142531724181e+05
9.715161142045360757e+05
9.715161141536454670e+05
9.715161141005000100e+05
9.715161140451013343e+05
9.715161139874559594e+05
9.715161139275463065e+05
9.715161138653844828e+05
9.715161138009772403e+05
