1.079502528890836518e+06
1.079502528889022768e+06
1.079502528884103522e+06
1.079502528876072261e+06
1.079502528864943655e+06
1.079502528850699775e+06
1.079502528833342018e+06
1.079502528812888311e+06
1.079502528789325384e+06
1.079502528762647416e+06
1.079502528732864652e+06
1.079502528699974762e+06
1.079502528663981007e+06
1.079502528624867788e+06
1.079502528582655359e+06
1.079502528537338367e+06
1.079502528488920769e+06
1.079502528437379049e+06
1.079502528382735094e+06
1.079502528324980289e+06
1.079502528264123248e+06
1.079502528200153727e+06
1.079502528133080574e+06
1.079502528062892612e+06
1.079502527989605907e+06
1.079502527913209749e+06
1.079502527833705768e+06
1.079502527751092333e+06
1.079502527665369445e+06
1.079502527576544322e+06
