8.806626939069258049e+06
8.806626939061122015e+06
8.806626939039144665e+06
8.806626939003149047e+06
8.806626938953306526e+06
8.806626938889451325e+06
8.806626938811866567e+06
8.806626938720267266e+06
8.806626938614604995e+06
8.806626938495293260e+06
8.806626938361970708e+06
8.806626938214639202e+06
8.806626938053462654e+06
8.806626937878388911e+06
8.806626937689390033e+06
8.806626937486521900e+06
8.806626937269572169e+06
8.806626937038818374e+06
8.806626936794243753e+06
8.806626936535632238e+06
8.806626936263078824e+06
8.806626935976753011e+06
8.806626935676457360e+06
8.806626935362163931e+06
8.806626935034086928e+06
8.806626934691967443e+06
8.806626934335876256e+06
8.806626933966139331e+06
8.806626933582209051e+06
8.806626933184588328e+06
