1.371652588430289030e+08
1.371652588429531753e+08
1.371652588427461088e+08
1.371652588424070477e+08
1.371652588419397473e+08
1.371652588413460553e+08
1.371652588406200707e+08
1.371652588397653103e+08
1.371652588387789428e+08
1.371652588376607597e+08
1.371652588364176452e+08
1.371652588350412846e+08
1.371652588335358799e+08
1.371652588318956196e+08
1.371652588301289082e+08
1.371652588282306492e+08
1.371652588262079060e+08
1.371652588240532279e+08
1.371652588217656910e+08
1.371652588193539381e+08
1.371652588168007433e+08
1.371652588141185939e+08
1.371652588113224804e+08
1.371652588083868027e+08
1.371652588053226769e+08
1.371652588021200895e+08
1.371652587987974882e+08
1.371652587953326404e+08
1.371652587917470038e+08
1.371652587880353928e+08
