3.645806133192732930e+07
3.645806133189947903e+07
3.645806133182533830e+07
3.645806133170133829e+07
3.645806133153139800e+07
3.645806133131520450e+07
3.645806133104935288e+07
3.645806133073741943e+07
3.645806133037535101e+07
3.645806132996799797e+07
3.645806132951355726e+07
3.645806132900981605e+07
3.645806132845960557e+07
3.645806132786239684e+07
3.645806132721724361e+07
3.645806132652414590e+07
3.645806132578279823e+07
3.645806132499600202e+07
3.645806132416012138e+07
3.645806132327820361e+07
3.645806132234754413e+07
3.645806132136945426e+07
3.645806132034366578e+07
3.645806131927087903e+07
3.645806131815069914e+07
3.645806131698331237e+07
3.645806131576739997e+07
3.645806131450551003e+07
3.645806131319256872e+07
3.645806131183601916e+07
