8.797114728338172659e+06
8.797114728332430124e+06
8.797114728316586465e+06
8.797114728290829808e+06
8.797114728255238384e+06
8.797114728209726512e+06
8.797114728154079989e+06
8.797114728088593110e+06
8.797114728013286367e+06
8.797114727927755564e+06
8.797114727832516655e+06
8.797114727727215737e+06
8.797114727612096816e+06
8.797114727486934513e+06
8.797114727351794019e+06
8.797114727206803858e+06
8.797114727051593363e+06
8.797114726886650547e+06
8.797114726711956784e+06
8.797114726526863873e+06
8.797114726332275197e+06
8.797114726127590984e+06
8.797114725912876427e+06
8.797114725688228384e+06
8.797114725453704596e+06
8.797114725209094584e+06
8.797114724954765290e+06
8.797114724690385163e+06
8.797114724416023120e+06
8.797114724131716415e+06
