6.170165360095195472e+07
6.170165360078836232e+07
6.170165360034979880e+07
6.170165359963198006e+07
6.170165359864155203e+07
6.170165359736914933e+07
6.170165359582100064e+07
6.170165359399671853e+07
6.170165359189233929e+07
6.170165358951356262e+07
6.170165358685795963e+07
6.170165358392123133e+07
6.170165358071200550e+07
6.170165357722155005e+07
6.170165357345683128e+07
6.170165356941419095e+07
6.170165356509225070e+07
6.170165356049448997e+07
6.170165355562025309e+07
6.170165355046541989e+07
6.170165354503767937e+07
6.170165353933092952e+07
6.170165353334626555e+07
6.170165352708374709e+07
6.170165352054500580e+07
6.170165351373150945e+07
6.170165350663590431e+07
6.170165349926558137e+07
6.170165349161808193e+07
6.170165348369429260e+07
