2.531524839941426180e+06
2.531524839939343743e+06
2.531524839933730196e+06
2.531524839924584143e+06
2.531524839911860414e+06
2.531524839895617682e+06
2.531524839875834528e+06
2.531524839852479286e+06
2.531524839825578500e+06
2.531524839795137756e+06
2.531524839761137497e+06
2.531524839723628480e+06
2.531524839682569262e+06
2.531524839637939818e+06
2.531524839589770418e+06
2.531524839538091328e+06
2.531524839482804295e+06
2.531524839424005710e+06
2.531524839361632708e+06
2.531524839295753743e+06
2.531524839226318523e+06
2.531524839153292589e+06
2.531524839076752309e+06
2.531524838996689767e+06
2.531524838913048618e+06
2.531524838825900573e+06
2.531524838735162746e+06
2.531524838640905917e+06
2.531524838543109596e+06
2.531524838441725820e+06
