1.065041962385039311e+06
1.065041962381599005e+06
1.065041962372276234e+06
1.065041962357064942e+06
1.065041962335973978e+06
1.065041962308990303e+06
1.065041962276117178e+06
1.065041962237353204e+06
1.065041962192707695e+06
1.065041962142172968e+06
1.065041962085744599e+06
1.065041962023426546e+06
1.065041961955231382e+06
1.065041961881138617e+06
1.065041961801162455e+06
1.065041961715296609e+06
1.065041961623540381e+06
1.065041961525902152e+06
1.065041961422371212e+06
1.065041961312963394e+06
1.065041961197653785e+06
1.065041961076462409e+06
1.065041960949379951e+06
1.065041960816413164e+06
1.065041960677546682e+06
1.065041960532818455e+06
1.065041960382183781e+06
1.065041960225661285e+06
1.065041960063245147e+06
1.065041959894956555e+06
