1.123054788600301370e+07
1.123054788590574451e+07
1.123054788564104959e+07
1.123054788520979509e+07
1.123054788461108319e+07
1.123054788384550996e+07
1.123054788291294873e+07
1.123054788181324117e+07
1.123054788054633886e+07
1.123054787911278941e+07
1.123054787751210853e+07
1.123054787574402988e+07
1.123054787380913086e+07
1.123054787170716934e+07
1.123054786943805031e+07
1.123054786700206622e+07
1.123054786439908110e+07
1.123054786162890494e+07
1.123054785869171843e+07
1.123054785558752716e+07
1.123054785231605358e+07
1.123054784887812100e+07
1.123054784527256526e+07
1.123054784150003456e+07
1.123054783756058477e+07
1.123054783345409669e+07
1.123054782918073237e+07
1.123054782474024780e+07
1.123054782013230026e+07
1.123054781535758264e+07
