1.856482962652177736e+07
1.856482962650829926e+07
1.856482962647230923e+07
1.856482962641364336e+07
1.856482962633277476e+07
1.856482962622867525e+07
1.856482962610214204e+07
1.856482962595250085e+07
1.856482962578069791e+07
1.856482962558623776e+07
1.856482962536877021e+07
1.856482962512829155e+07
1.856482962486596033e+07
1.856482962458081171e+07
1.856482962427267060e+07
1.856482962394151092e+07
1.856482962358806655e+07
1.856482962321211398e+07
1.856482962281313539e+07
1.856482962239107117e+07
1.856482962194736302e+07
1.856482962148028985e+07
1.856482962099101022e+07
1.856482962047834694e+07
1.856482961994402483e+07
1.856482961938593909e+07
1.856482961880553514e+07
1.856482961820301414e+07
1.856482961757750064e+07
1.856482961692886055e+07
