2.566898291864757538e+08
2.566898291862971783e+08
2.566898291858146787e+08
2.566898291850240231e+08
2.566898291839320064e+08
2.566898291825271845e+08
2.566898291808143556e+08
2.566898291788031757e+08
2.566898291764810085e+08
2.566898291738719046e+08
2.566898291709361672e+08
2.566898291676978171e+08
2.566898291641580760e+08
2.566898291603128910e+08
2.566898291561481953e+08
2.566898291516885757e+08
2.566898291469241977e+08
2.566898291418513954e+08
2.566898291364680231e+08
2.566898291307978332e+08
2.566898291248145998e+08
2.566898291185135841e+08
2.566898291119024158e+08
2.566898291050006151e+08
2.566898290977984965e+08
2.566898290902922451e+08
2.566898290824621618e+08
2.566898290743380189e+08
2.566898290659136772e+08
2.566898290571586490e+08
