2.001130768172914907e+07
2.001130768171523884e+07
2.001130768167715520e+07
2.001130768161449209e+07
2.001130768152714521e+07
2.001130768141654134e+07
2.001130768128196895e+07
2.001130768112263829e+07
2.001130768093902618e+07
2.001130768073176220e+07
2.001130768050020561e+07
2.001130768024377897e+07
2.001130767996354401e+07
2.001130767965978384e+07
2.001130767933087051e+07
2.001130767897826061e+07
2.001130767860176042e+07
2.001130767820024863e+07
2.001130767777572200e+07
2.001130767732598633e+07
2.001130767685328424e+07
2.001130767635455355e+07
2.001130767583277076e+07
2.001130767528714612e+07
2.001130767471611127e+07
2.001130767412193492e+07
2.001130767350346223e+07
2.001130767286033556e+07
2.001130767219346017e+07
2.001130767150231451e+07
