6.258920700482138433e+06
6.258920700478500687e+06
6.258920700468643568e+06
6.258920700452542864e+06
6.258920700430250727e+06
6.258920700401721522e+06
6.258920700367012061e+06
6.258920700325830840e+06
6.258920700278742239e+06
6.258920700225132518e+06
6.258920700165491551e+06
6.258920700099589303e+06
6.258920700027482584e+06
6.258920699949087575e+06
6.258920699864404276e+06
6.258920699773520231e+06
6.258920699676542543e+06
6.258920699573206715e+06
6.258920699463616125e+06
6.258920699347906746e+06
6.258920699225942604e+06
6.258920699097648263e+06
6.258920698963237926e+06
6.258920698822597973e+06
6.258920698675636202e+06
6.258920698522504419e+06
6.258920698363183998e+06
6.258920698197569698e+06
6.258920698025769554e+06
6.258920697847725824e+06
