4.002528726805423852e+06
4.002528726789733861e+06
4.002528726747218054e+06
4.002528726677763741e+06
4.002528726581428666e+06
4.002528726458203048e+06
4.002528726308055222e+06
4.002528726131113246e+06
4.002528725927201565e+06
4.002528725696505047e+06
4.002528725438856054e+06
4.002528725154328626e+06
4.002528724842899945e+06
4.002528724504627753e+06
4.002528724139437079e+06
4.002528723747415468e+06
4.002528723328437191e+06
4.002528722882609814e+06
4.002528722409876995e+06
4.002528721910325810e+06
4.002528721383846831e+06
4.002528720830427017e+06
4.002528720250225626e+06
4.002528719643081538e+06
4.002528719009017572e+06
4.002528718348146416e+06
4.002528717660374008e+06
4.002528716945654247e+06
4.002528716204114258e+06
4.002528715435663704e+06
