2.599079723553940654e+07
2.599079723551106825e+07
2.599079723543453589e+07
2.599079723530956730e+07
2.599079723513588682e+07
2.599079723491387442e+07
2.599079723464423418e+07
2.599079723432623222e+07
2.599079723396002874e+07
2.599079723354458064e+07
2.599079723308165744e+07
2.599079723256896064e+07
2.599079723201030120e+07
2.599079723140057921e+07
2.599079723074447736e+07
2.599079723003945500e+07
2.599079722928581014e+07
2.599079722848417237e+07
2.599079722763397917e+07
2.599079722673600167e+07
2.599079722578893602e+07
2.599079722479362041e+07
2.599079722375111654e+07
2.599079722265848517e+07
2.599079722151742131e+07
2.599079722033008188e+07
2.599079721909290552e+07
2.599079721780745685e+07
2.599079721647434309e+07
2.599079721509143338e+07
