5.384425518600510433e+06
5.384425518588358536e+06
5.384425518555425107e+06
5.384425518501678482e+06
5.384425518427150324e+06
5.384425518331708387e+06
5.384425518215532415e+06
5.384425518078660592e+06
5.384425517920880578e+06
5.384425517742183991e+06
5.384425517542892136e+06
5.384425517322701402e+06
5.384425517081706785e+06
5.384425516819891520e+06
5.384425516537292860e+06
5.384425516233846545e+06
5.384425515909623355e+06
5.384425515564608388e+06
5.384425515198836103e+06
5.384425514812218025e+06
5.384425514404756017e+06
5.384425513976504095e+06
5.384425513527426869e+06
5.384425513057637028e+06
5.384425512566884980e+06
5.384425512055383064e+06
5.384425511523219757e+06
5.384425510970124044e+06
5.384425510396156460e+06
5.384425509801458567e+06
