3.335707484076379612e+07
3.335707484070457518e+07
3.335707484054424614e+07
3.335707484028233588e+07
3.335707483991862833e+07
3.335707483945425227e+07
3.335707483888761327e+07
3.335707483822049573e+07
3.335707483745069802e+07
3.335707483657975122e+07
3.335707483560779691e+07
3.335707483453416079e+07
3.335707483336065710e+07
3.335707483208363503e+07
3.335707483070633188e+07
3.335707482922637835e+07
3.335707482764622197e+07
3.335707482596489787e+07
3.335707482418052852e+07
3.335707482229567692e+07
3.335707482030931115e+07
3.335707481822165474e+07
3.335707481603215262e+07
3.335707481374195591e+07
3.335707481135012209e+07
3.335707480885545164e+07
3.335707480626073852e+07
3.335707480356558412e+07
3.335707480076754466e+07
3.335707479786812514e+07
