3.515341870576136559e+07
3.515341870570302755e+07
3.515341870554465055e+07
3.515341870528560877e+07
3.515341870492584258e+07
3.515341870446541160e+07
3.515341870390617847e+07
3.515341870324512571e+07
3.515341870248451084e+07
3.515341870162336528e+07
3.515341870066195726e+07
3.515341869959934801e+07
3.515341869843740016e+07
3.515341869717446715e+07
3.515341869581180066e+07
3.515341869434839487e+07
3.515341869278450310e+07
3.515341869111981243e+07
3.515341868935601413e+07
3.515341868749211729e+07
3.515341868552743644e+07
3.515341868346129358e+07
3.515341868129622191e+07
3.515341867903040349e+07
3.515341867666333914e+07
3.515341867419585586e+07
3.515341867162934691e+07
3.515341866896014661e+07
3.515341866619391739e+07
3.515341866332583129e+07
