5.562141281671204604e+06
5.562141281667917036e+06
5.562141281658891588e+06
5.562141281644313596e+06
5.562141281624034047e+06
5.562141281598127447e+06
5.562141281566646881e+06
5.562141281529420055e+06
5.562141281486514956e+06
5.562141281437997706e+06
5.562141281383922324e+06
5.562141281324043870e+06
5.562141281258597039e+06
5.562141281187560409e+06
5.562141281110790558e+06
5.562141281028411351e+06
5.562141280940301716e+06
5.562141280846506357e+06
5.562141280747234821e+06
5.562141280642228201e+06
5.562141280531614088e+06
5.562141280415130779e+06
5.562141280293272808e+06
5.562141280165689066e+06
5.562141280032337643e+06
5.562141279893442057e+06
5.562141279748846777e+06
5.562141279598695226e+06
5.562141279442806728e+06
5.562141279281294905e+06
