8.887230273620095849e+07
8.887230273618370295e+07
8.887230273613585532e+07
8.887230273605865240e+07
8.887230273595148325e+07
8.887230273581574857e+07
8.887230273564942181e+07
8.887230273545193672e+07
8.887230273522765934e+07
8.887230273497411609e+07
8.887230273468999565e+07
8.887230273437641561e+07
8.887230273402950168e+07
8.887230273365391791e+07
8.887230273324941099e+07
8.887230273281346262e+07
8.887230273234501481e+07
8.887230273185591400e+07
8.887230273133239150e+07
8.887230273077802360e+07
8.887230273019185662e+07
8.887230272957374156e+07
8.887230272893138230e+07
8.887230272825688124e+07
8.887230272755527496e+07
8.887230272682446241e+07
8.887230272606143355e+07
8.887230272526791692e+07
8.887230272444429994e+07
8.887230272359171510e+07
