1.617022770778705180e+07
1.617022770775976963e+07
1.617022770768593252e+07
1.617022770756544732e+07
1.617022770739859715e+07
1.617022770718508214e+07
1.617022770692469180e+07
1.617022770661809109e+07
1.617022770626504533e+07
1.617022770586499572e+07
1.617022770541816391e+07
1.617022770492497645e+07
1.617022770438540541e+07
1.617022770379903540e+07
1.617022770316647924e+07
1.617022770248670317e+07
1.617022770176066644e+07
1.617022770098797232e+07
1.617022770016864873e+07
1.617022769930268638e+07
1.617022769839013554e+07
1.617022769743127190e+07
1.617022769642530754e+07
1.617022769537336007e+07
1.617022769427415170e+07
1.617022769312869199e+07
1.617022769193698466e+07
1.617022769069802389e+07
1.617022768941290490e+07
1.617022768808120489e+07
