8.729630842854842776e+05
8.729630842851866037e+05
8.729630842843793798e+05
8.729630842830684269e+05
8.729630842812473420e+05
8.729630842789153103e+05
8.729630842760731466e+05
8.729630842727245763e+05
8.729630842688706471e+05
8.729630842645065859e+05
8.729630842596305301e+05
8.729630842542524915e+05
8.729630842483625747e+05
8.729630842419622932e+05
8.729630842350611929e+05
8.729630842276434414e+05
8.729630842197195161e+05
8.729630842112893006e+05
8.729630842023451114e+05
8.729630841928955633e+05
8.729630841829357669e+05
8.729630841724674683e+05
8.729630841614971869e+05
8.729630841500080423e+05
8.729630841380140046e+05
8.729630841255182168e+05
8.729630841125063598e+05
8.729630840989900753e+05
8.729630840849598171e+05
8.729630840704293223e+05
