4.487125000589310192e+06
4.487125000581473112e+06
4.487125000560398214e+06
4.487125000525893643e+06
4.487125000478094444e+06
4.487125000416905619e+06
4.487125000342458487e+06
4.487125000254608691e+06
4.487125000153439119e+06
4.487125000038882717e+06
4.487124999911052175e+06
4.487124999769748189e+06
4.487124999615251087e+06
4.487124999447325245e+06
4.487124999266085215e+06
4.487124999071495607e+06
4.487124998863550834e+06
4.487124998642279766e+06
4.487124998407636769e+06
4.487124998159672134e+06
4.487124997898397036e+06
4.487124997623672709e+06
4.487124997335651889e+06
4.487124997034331784e+06
4.487124996719700284e+06
4.487124996391691267e+06
4.487124996050241403e+06
4.487124995695564896e+06
4.487124995327458717e+06
4.487124994946086779e+06
