9.883142196292005479e+07
9.883142196280501783e+07
9.883142196249733865e+07
9.883142196199926734e+07
9.883142196130552888e+07
9.883142196041338146e+07
9.883142195933221281e+07
9.883142195805767179e+07
9.883142195658481121e+07
9.883142195491863787e+07
9.883142195305515826e+07
9.883142195100101829e+07
9.883142194875374436e+07
9.883142194631098211e+07
9.883142194368053973e+07
9.883142194084803760e+07
9.883142193782365322e+07
9.883142193460746109e+07
9.883142193119336665e+07
9.883142192759707570e+07
9.883142192379084229e+07
9.883142191979146004e+07
9.883142191560482979e+07
9.883142191122870147e+07
9.883142190665197372e+07
9.883142190188531578e+07
9.883142189690746367e+07
9.883142189175726473e+07
9.883142188640584052e+07
9.883142188086119294e+07
