2.085561275935212895e+07
2.085561275933605433e+07
2.085561275929169729e+07
2.085561275921964645e+07
2.085561275911990926e+07
2.085561275899196789e+07
2.085561275883623213e+07
2.085561275865257531e+07
2.085561275844128802e+07
2.085561275820235536e+07
2.085561275793487579e+07
2.085561275763979182e+07
2.085561275731685385e+07
2.085561275696613640e+07
2.085561275658716634e+07
2.085561275618092343e+07
2.085561275574596599e+07
2.085561275528365001e+07
2.085561275479245186e+07
2.085561275427476689e+07
2.085561275372890010e+07
2.085561275315454230e+07
2.085561275255293772e+07
2.085561275192309171e+07
2.085561275126560032e+07
2.085561275057994574e+07
2.085561274986655638e+07
2.085561274912583828e+07
2.085561274835620448e+07
2.085561274755944684e+07
