3.085615004897549376e+07
3.085615004891895503e+07
3.085615004876678437e+07
3.085615004851660132e+07
3.085615004817036167e+07
3.085615004772842303e+07
3.085615004718955606e+07
3.085615004655333608e+07
3.085615004582167044e+07
3.085615004499143362e+07
3.085615004406513274e+07
3.085615004304325208e+07
3.085615004192468897e+07
3.085615004070949182e+07
3.085615003939672559e+07
3.085615003798791766e+07
3.085615003648288921e+07
3.085615003488140181e+07
3.085615003318297118e+07
3.085615003138910607e+07
3.085615002949750423e+07
3.085615002750909701e+07
3.085615002542458475e+07
3.085615002324265242e+07
3.085615002096528187e+07
3.085615001859062910e+07
3.085615001611934602e+07
3.085615001355136558e+07
3.085615001088712364e+07
3.085615000812672079e+07
