6.600648433672940359e+06
6.600648433661155403e+06
6.600648433629089035e+06
6.600648433577050455e+06
6.600648433504483663e+06
6.600648433411914855e+06
6.600648433299092576e+06
6.600648433165966533e+06
6.600648433012669906e+06
6.600648432839105837e+06
6.600648432645373978e+06
6.600648432431522757e+06
6.600648432197351009e+06
6.600648431942965835e+06
6.600648431668451056e+06
6.600648431373610161e+06
6.600648431058498099e+06
6.600648430723418482e+06
6.600648430367857218e+06
6.600648429992236197e+06
6.600648429596383125e+06
6.600648429180163890e+06
6.600648428744058125e+06
6.600648428287492134e+06
6.600648427810743451e+06
6.600648427313862368e+06
6.600648426796591841e+06
6.600648426259359345e+06
6.600648425701709464e+06
6.600648425123882480e+06
