1.622074517913693190e+08
1.622074517912707329e+08
1.622074517910022438e+08
1.622074517905586958e+08
1.622074517899484336e+08
1.622074517891718149e+08
1.622074517882265151e+08
1.622074517871099114e+08
1.622074517858218551e+08
1.622074517843660116e+08
1.622074517827379704e+08
1.622074517809423208e+08
1.622074517789729238e+08
1.622074517768322825e+08
1.622074517745298743e+08
1.622074517720445395e+08
1.622074517693943977e+08
1.622074517665787935e+08
1.622074517635918260e+08
1.622074517604241669e+08
1.622074517570904493e+08
1.622074517535901368e+08
1.622074517499172688e+08
1.622074517460754812e+08
1.622074517420696318e+08
1.622074517379027903e+08
1.622074517335508168e+08
1.622074517290279269e+08
1.622074517243418396e+08
1.622074517194724679e+08
