4.470112053985897452e+07
4.470112053983728588e+07
4.470112053977741301e+07
4.470112053967949748e+07
4.470112053954374045e+07
4.470112053936892003e+07
4.470112053915814310e+07
4.470112053890856355e+07
4.470112053862124681e+07
4.470112053829423338e+07
4.470112053793065995e+07
4.470112053752986342e+07
4.470112053709001839e+07
4.470112053661170602e+07
4.470112053609592468e+07
4.470112053554195166e+07
4.470112053494901210e+07
4.470112053432038426e+07
4.470112053365281969e+07
4.470112053294860572e+07
4.470112053220462799e+07
4.470112053142295033e+07
4.470112053060337901e+07
4.470112052974546701e+07
4.470112052885096520e+07
4.470112052791646868e+07
4.470112052694584429e+07
4.470112052593647689e+07
4.470112052488916367e+07
4.470112052380386740e+07
