3.687630563229693472e+07
3.687630563224993646e+07
3.687630563212481886e+07
3.687630563191776723e+07
3.687630563163431734e+07
3.687630563126999885e+07
3.687630563082733750e+07
3.687630563030394167e+07
3.687630562970490754e+07
3.687630562902303040e+07
3.687630562826278061e+07
3.687630562742297351e+07
3.687630562650321424e+07
3.687630562550640851e+07
3.687630562442900985e+07
3.687630562327068299e+07
3.687630562203536183e+07
3.687630562072029710e+07
3.687630561932390928e+07
3.687630561785040051e+07
3.687630561629823595e+07
3.687630561466415972e+07
3.687630561295257509e+07
3.687630561116053164e+07
3.687630560929073393e+07
3.687630560733959079e+07
3.687630560530783981e+07
3.687630560320093483e+07
3.687630560101267695e+07
3.687630559874436259e+07
