6.330920435769252479e+07
6.330920435759595037e+07
6.330920435733395815e+07
6.330920435690555722e+07
6.330920435630884022e+07
6.330920435554683208e+07
6.330920435461832583e+07
6.330920435352412611e+07
6.330920435226141661e+07
6.330920435083752126e+07
6.330920434924326837e+07
6.330920434748216718e+07
6.330920434555806965e+07
6.330920434346484393e+07
6.330920434120579064e+07
6.330920433878262341e+07
6.330920433618985116e+07
6.330920433343409747e+07
6.330920433051048964e+07
6.330920432742155343e+07
6.330920432416471839e+07
6.330920432074262947e+07
6.330920431715328246e+07
6.330920431339832395e+07
6.330920430947920680e+07
6.330920430538924038e+07
6.330920430113821477e+07
6.330920429671796411e+07
6.330920429213285446e+07
6.330920428737810999e+07
