2.134290435317664966e+07
2.134290435315357894e+07
2.134290435309129581e+07
2.134290435298924893e+07
2.134290435284881666e+07
2.134290435266844556e+07
2.134290435244895145e+07
2.134290435219085962e+07
2.134290435189241543e+07
2.134290435155477375e+07
2.134290435117808357e+07
2.134290435076224059e+07
2.134290435030774027e+07
2.134290434981235117e+07
2.134290434927924350e+07
2.134290434870539978e+07
2.134290434809283167e+07
2.134290434744121134e+07
2.134290434674975276e+07
2.134290434602000937e+07
2.134290434525007755e+07
2.134290434444107115e+07
2.134290434359235689e+07
2.134290434270497039e+07
2.134290434177806973e+07
2.134290434081174061e+07
2.134290433980659023e+07
2.134290433876146004e+07
2.134290433767713234e+07
2.134290433655370772e+07
