2.213198096917838790e+06
2.213198096915601753e+06
2.213198096909532323e+06
2.213198096899676137e+06
2.213198096885964274e+06
2.213198096868468449e+06
2.213198096847101115e+06
2.213198096821923740e+06
2.213198096792925615e+06
2.213198096760108136e+06
2.213198096723442897e+06
2.213198096682972275e+06
2.213198096638676710e+06
2.213198096590560861e+06
2.213198096538621001e+06
2.213198096482842229e+06
2.213198096423248760e+06
2.213198096359829884e+06
2.213198096292599104e+06
2.213198096221532207e+06
2.213198096146639902e+06
2.213198096067917533e+06
2.213198095985369757e+06
2.213198095899001695e+06
2.213198095808832906e+06
2.213198095714818221e+06
2.213198095616991632e+06
2.213198095515321940e+06
2.213198095409845933e+06
2.213198095300530083e+06
