1.444648568088243306e+08
1.444648568087677956e+08
1.444648568086140156e+08
1.444648568083621860e+08
1.444648568080104887e+08
1.444648568075613678e+08
1.444648568070148230e+08
1.444648568063683212e+08
1.444648568056279719e+08
1.444648568047942817e+08
1.444648568038629889e+08
1.444648568028224707e+08
1.444648568016897142e+08
1.444648568004548252e+08
1.444648567991276979e+08
1.444648567977012992e+08
1.444648567961788476e+08
1.444648567945569158e+08
1.444648567928304076e+08
1.444648567910065651e+08
1.444648567890946865e+08
1.444648567870864868e+08
1.444648567849807143e+08
1.444648567827709019e+08
1.444648567804703712e+08
1.444648567780663669e+08
1.444648567755657136e+08
1.444648567729594409e+08
1.444648567702639401e+08
1.444648567674744129e+08
