3.040074936354439706e+07
3.040074936352422088e+07
3.040074936346950009e+07
3.040074936337999254e+07
3.040074936325560883e+07
3.040074936309607700e+07
3.040074936290293559e+07
3.040074936267310753e+07
3.040074936240862310e+07
3.040074936210975051e+07
3.040074936177575588e+07
3.040074936140915751e+07
3.040074936100554839e+07
3.040074936056800932e+07
3.040074936009476706e+07
3.040074935958821326e+07
3.040074935904526711e+07
3.040074935846961290e+07
3.040074935785615072e+07
3.040074935720995814e+07
3.040074935652862862e+07
3.040074935581256449e+07
3.040074935506223515e+07
3.040074935427547619e+07
3.040074935345650092e+07
3.040074935259941965e+07
3.040074935171072558e+07
3.040074935078573227e+07
3.040074934982543811e+07
3.040074934883115068e+07
