6.119766677213748544e+07
6.119766677209278196e+07
6.119766677197252214e+07
6.119766677177503705e+07
6.119766677150339633e+07
6.119766677115625143e+07
6.119766677073167264e+07
6.119766677023278177e+07
6.119766676965619624e+07
6.119766676900559664e+07
6.119766676827681065e+07
6.119766676747126877e+07
6.119766676659203321e+07
6.119766676563838869e+07
6.119766676460392773e+07
6.119766676349759847e+07
6.119766676231490821e+07
6.119766676105713844e+07
6.119766675971914083e+07
6.119766675830802321e+07
6.119766675681933761e+07
6.119766675525962561e+07
6.119766675361922383e+07
6.119766675190411508e+07
6.119766675011384487e+07
6.119766674824492633e+07
6.119766674630220234e+07
6.119766674428488314e+07
6.119766674218931049e+07
6.119766674001760781e+07
