1.641550211392985098e+07
1.641550211392077804e+07
1.641550211389707774e+07
1.641550211385780014e+07
1.641550211380364560e+07
1.641550211373443156e+07
1.641550211365004815e+07
1.641550211355023645e+07
1.641550211343555152e+07
1.641550211330575123e+07
1.641550211316074990e+07
1.641550211300054565e+07
1.641550211282504350e+07
1.641550211263483204e+07
1.641550211242930591e+07
1.641550211220843717e+07
1.641550211197307706e+07
1.641550211172170006e+07
1.641550211145587452e+07
1.641550211117470823e+07
1.641550211087853648e+07
1.641550211056721024e+07
1.641550211024020053e+07
1.641550210989863798e+07
1.641550210954182222e+07
1.641550210916976817e+07
1.641550210878256895e+07
1.641550210838036984e+07
1.641550210796295665e+07
1.641550210753064789e+07
