1.776017311430466175e+07
1.776017311428164691e+07
1.776017311421888694e+07
1.776017311411608383e+07
1.776017311397406831e+07
1.776017311379164085e+07
1.776017311357048526e+07
1.776017311330925301e+07
1.776017311300828680e+07
1.776017311266726255e+07
1.776017311228692159e+07
1.776017311186610162e+07
1.776017311140668392e+07
1.776017311090687290e+07
1.776017311036784947e+07
1.776017310978901386e+07
1.776017310916979238e+07
1.776017310851142183e+07
1.776017310781341046e+07
1.776017310707612336e+07
1.776017310629817843e+07
1.776017310548059642e+07
1.776017310462398082e+07
1.776017310372739658e+07
1.776017310279087350e+07
1.776017310181479901e+07
1.776017310079910979e+07
1.776017309974396601e+07
1.776017309864898026e+07
1.776017309751357883e+07
