6.695281338924390078e+07
6.695281338920360804e+07
6.695281338909342885e+07
6.695281338891717046e+07
6.695281338867197931e+07
6.695281338835642487e+07
6.695281338797298819e+07
6.695281338752028346e+07
6.695281338699926436e+07
6.695281338641104847e+07
6.695281338575293124e+07
6.695281338502758741e+07
6.695281338423230499e+07
6.695281338336930424e+07
6.695281338243871927e+07
6.695281338143593073e+07
6.695281338036695123e+07
6.695281337922816724e+07
6.695281337802065909e+07
6.695281337674751878e+07
6.695281337540248781e+07
6.695281337398804724e+07
6.695281337250739336e+07
6.695281337096051127e+07
6.695281336934003979e+07
6.695281336765376478e+07
6.695281336589921266e+07
6.695281336407211423e+07
6.695281336218068004e+07
6.695281336021675169e+07
