3.707507355567526817e+07
3.707507355558905751e+07
3.707507355535491556e+07
3.707507355497312546e+07
3.707507355444341898e+07
3.707507355376705527e+07
3.707507355294220150e+07
3.707507355196747184e+07
3.707507355085024238e+07
3.707507354957964271e+07
3.707507354816412181e+07
3.707507354660016298e+07
3.707507354488847405e+07
3.707507354302808642e+07
3.707507354102212936e+07
3.707507353886659443e+07
3.707507353656494617e+07
3.707507353411415964e+07
3.707507353151597083e+07
3.707507352876935899e+07
3.707507352587570250e+07
3.707507352283320576e+07
3.707507351964513212e+07
3.707507351630740613e+07
3.707507351282297075e+07
3.707507350918965042e+07
3.707507350541020930e+07
3.707507350148130953e+07
3.707507349740567803e+07
3.707507349318134785e+07
