2.710234728374973312e+07
2.710234728372531384e+07
2.710234728365903348e+07
2.710234728355036303e+07
2.710234728339911997e+07
2.710234728320705891e+07
2.710234728297157213e+07
2.710234728269468248e+07
2.710234728237587959e+07
2.710234728201519325e+07
2.710234728161201626e+07
2.710234728116588295e+07
2.710234728067989275e+07
2.710234728015004471e+07
2.710234727957845479e+07
2.710234727896530926e+07
2.710234727831007540e+07
2.710234727761270106e+07
2.710234727687320858e+07
2.710234727609126270e+07
2.710234727526792511e+07
2.710234727440218627e+07
2.710234727349453047e+07
2.710234727254464850e+07
2.710234727155262604e+07
2.710234727051839605e+07
2.710234726944254711e+07
2.710234726832421497e+07
2.710234726716459915e+07
2.710234726596204191e+07
