2.254435677382792160e+07
2.254435677378333732e+07
2.254435677366278693e+07
2.254435677346589416e+07
2.254435677319297567e+07
2.254435677284268662e+07
2.254435677241638303e+07
2.254435677191429958e+07
2.254435677133588120e+07
2.254435677068063244e+07
2.254435676994972676e+07
2.254435676914175227e+07
2.254435676825815812e+07
2.254435676729846001e+07
2.254435676626198366e+07
2.254435676514844224e+07
2.254435676395988092e+07
2.254435676269470155e+07
2.254435676135304198e+07
2.254435675993468240e+07
2.254435675844062865e+07
2.254435675687015057e+07
2.254435675522295758e+07
2.254435675350046530e+07
2.254435675170023367e+07
2.254435674982403964e+07
2.254435674787223339e+07
2.254435674584395811e+07
2.254435674373940006e+07
2.254435674155820906e+07
