1.007528986070285179e+07
1.007528986068616621e+07
1.007528986064097472e+07
1.007528986056718975e+07
1.007528986046521366e+07
1.007528986033454537e+07
1.007528986017550528e+07
1.007528985998767801e+07
1.007528985977152549e+07
1.007528985952698626e+07
1.007528985925394110e+07
1.007528985895236768e+07
1.007528985862209462e+07
1.007528985826332867e+07
1.007528985787625052e+07
1.007528985746081360e+07
1.007528985701641068e+07
1.007528985654383712e+07
1.007528985604257509e+07
1.007528985551296733e+07
1.007528985495488532e+07
1.007528985436824523e+07
1.007528985375291668e+07
1.007528985310919024e+07
1.007528985243716091e+07
1.007528985173646174e+07
1.007528985100720450e+07
1.007528985024966858e+07
1.007528984946334735e+07
1.007528984864889644e+07
