5.866588803998500109e+07
5.866588803983820230e+07
5.866588803944052011e+07
5.866588803879369050e+07
5.866588803789365292e+07
5.866588803675032407e+07
5.866588803535766155e+07
5.866588803371038288e+07
5.866588803181298077e+07
5.866588802966962755e+07
5.866588802727197856e+07
5.866588802462530136e+07
5.866588802173129469e+07
5.866588801858216524e+07
5.866588801518809050e+07
5.866588801154233515e+07
5.866588800764603168e+07
5.866588800350070000e+07
5.866588799910113961e+07
5.866588799445555359e+07
5.866588798955915123e+07
5.866588798441205919e+07
5.866588797901807725e+07
5.866588797337101400e+07
5.866588796747581661e+07
5.866588796132975817e+07
5.866588795493216068e+07
5.866588794828488678e+07
5.866588794138901681e+07
5.866588793424239010e+07
