1.532137067455314994e+08
1.532137067454513013e+08
1.532137067452285588e+08
1.532137067448727190e+08
1.532137067443754971e+08
1.532137067437392771e+08
1.532137067429600954e+08
1.532137067420414388e+08
1.532137067409853637e+08
1.532137067397831380e+08
1.532137067384485006e+08
1.532137067369768918e+08
1.532137067353676558e+08
1.532137067336156368e+08
1.532137067317240238e+08
1.532137067296943963e+08
1.532137067275302708e+08
1.532137067252365053e+08
1.532137067227837443e+08
1.532137067201995552e+08
1.532137067174710333e+08
1.532137067146025896e+08
1.532137067115978599e+08
1.532137067084545791e+08
1.532137067051679194e+08
1.532137067017487586e+08
1.532137066981854439e+08
1.532137066944928169e+08
1.532137066906607747e+08
1.532137066866819859e+08
