1.056093100784171820e+08
1.056093100783125460e+08
1.056093100780303478e+08
1.056093100775700212e+08
1.056093100769277066e+08
1.056093100761060566e+08
1.056093100751066357e+08
1.056093100739273429e+08
1.056093100725768059e+08
1.056093100710415989e+08
1.056093100693238974e+08
1.056093100674323887e+08
1.056093100653547049e+08
1.056093100631041080e+08
1.056093100606710464e+08
1.056093100580648929e+08
1.056093100552728325e+08
1.056093100523062944e+08
1.056093100491606891e+08
1.056093100458298475e+08
1.056093100423262864e+08
1.056093100386446416e+08
1.056093100347794443e+08
1.056093100307378620e+08
1.056093100265183151e+08
1.056093100221192390e+08
1.056093100175397992e+08
1.056093100127839744e+08
1.056093100078429878e+08
1.056093100027272701e+08
