2.007295408742006496e+07
2.007295408739533275e+07
2.007295408732777089e+07
2.007295408721752465e+07
2.007295408706483245e+07
2.007295408687043190e+07
2.007295408663213626e+07
2.007295408635170385e+07
2.007295408602841571e+07
2.007295408566345647e+07
2.007295408525489643e+07
2.007295408480447158e+07
2.007295408431094885e+07
2.007295408377525583e+07
2.007295408319648355e+07
2.007295408257527277e+07
2.007295408191153780e+07
2.007295408120527491e+07
2.007295408045720682e+07
2.007295407966515422e+07
2.007295407883112133e+07
2.007295407795470953e+07
2.007295407703492045e+07
2.007295407607381046e+07
2.007295407506943494e+07
2.007295407402203605e+07
2.007295407293229178e+07
2.007295407180038467e+07
2.007295407062586397e+07
2.007295406940769777e+07
