4.819105565962436795e+07
4.819105565959972143e+07
4.819105565953185409e+07
4.819105565942150354e+07
4.819105565926887095e+07
4.819105565907316655e+07
4.819105565883439779e+07
4.819105565855254233e+07
4.819105565822989494e+07
4.819105565786219388e+07
4.819105565745483339e+07
4.819105565700405091e+07
4.819105565650955588e+07
4.819105565597136319e+07
4.819105565539216995e+07
4.819105565476816148e+07
4.819105565410546958e+07
4.819105565339733660e+07
4.819105565264695138e+07
4.819105565185306221e+07
4.819105565101637691e+07
4.819105565013895929e+07
4.819105564922059327e+07
4.819105564825490862e+07
4.819105564724841714e+07
4.819105564619819820e+07
4.819105564510877430e+07
4.819105564397331327e+07
4.819105564279551804e+07
4.819105564157622308e+07
