5.193315334284453094e+07
5.193315334274383634e+07
5.193315334246712923e+07
5.193315334201709181e+07
5.193315334138964117e+07
5.193315334059339762e+07
5.193315333961790800e+07
5.193315333846914768e+07
5.193315333714751154e+07
5.193315333564858884e+07
5.193315333397880197e+07
5.193315333213071525e+07
5.193315333011168242e+07
5.193315332791578770e+07
5.193315332554852962e+07
5.193315332300440967e+07
5.193315332028546929e+07
5.193315331739283353e+07
5.193315331432328373e+07
5.193315331108224392e+07
5.193315330766751617e+07
5.193315330407650769e+07
5.193315330031204969e+07
5.193315329637264460e+07
5.193315329225985706e+07
5.193315328797110915e+07
5.193315328350764513e+07
5.193315327887205034e+07
5.193315327406145632e+07
5.193315326907449961e+07
