4.877482866014318913e+07
4.877482866010481864e+07
4.877482865999869257e+07
4.877482865982709080e+07
4.877482865958874673e+07
4.877482865928331017e+07
4.877482865891078115e+07
4.877482865847133845e+07
4.877482865796186775e+07
4.877482865738821030e+07
4.877482865674981475e+07
4.877482865604314953e+07
4.877482865527060628e+07
4.877482865442928672e+07
4.877482865352306515e+07
4.877482865254888684e+07
4.877482865150698274e+07
4.877482865040121228e+07
4.877482864922507107e+07
4.877482864798606932e+07
4.877482864667817950e+07
4.877482864530386776e+07
4.877482864385954291e+07
4.877482864235290885e+07
4.877482864078002423e+07
4.877482863913651556e+07
4.877482863742921501e+07
4.877482863565324992e+07
4.877482863381148130e+07
4.877482863190390915e+07
