4.366145399926669151e+07
4.366145399915800244e+07
4.366145399886193871e+07
4.366145399837990105e+07
4.366145399770875275e+07
4.366145399685167521e+07
4.366145399580798298e+07
4.366145399457692355e+07
4.366145399315778166e+07
4.366145399155408144e+07
4.366145398976198584e+07
4.366145398778231442e+07
4.366145398561471701e+07
4.366145398326189071e+07
4.366145398072341084e+07
4.366145397799569368e+07
4.366145397508182377e+07
4.366145397197958082e+07
4.366145396869289130e+07
4.366145396521748602e+07
4.366145396155362576e+07
4.366145395770622790e+07
4.366145395367147028e+07
4.366145394944542646e+07
4.366145394503466040e+07
4.366145394043727964e+07
4.366145393565444648e+07
4.366145393068336695e+07
4.366145392552464455e+07
4.366145392017887533e+07
