6.845065840729984641e+07
6.845065840726350248e+07
6.845065840716442466e+07
6.845065840700414777e+07
6.845065840678213537e+07
6.845065840649589896e+07
6.845065840614916384e+07
6.845065840574021637e+07
6.845065840526820719e+07
6.845065840473255515e+07
6.845065840413621068e+07
6.845065840348039567e+07
6.845065840275797248e+07
6.845065840197381377e+07
6.845065840112856030e+07
6.845065840022288263e+07
6.845065839925485849e+07
6.845065839822076261e+07
6.845065839712327719e+07
6.845065839596888423e+07
6.845065839474901557e+07
6.845065839346845448e+07
6.845065839212636650e+07
6.845065839072027802e+07
6.845065838925018907e+07
6.845065838771885633e+07
6.845065838612674177e+07
6.845065838447488844e+07
6.845065838275709748e+07
6.845065838097494841e+07
