1.454135781120490842e+07
1.454135781117630005e+07
1.454135781109810248e+07
1.454135781097092293e+07
1.454135781079454534e+07
1.454135781056835875e+07
1.454135781029340811e+07
1.454135780996898189e+07
1.454135780959501676e+07
1.454135780917167291e+07
1.454135780869974196e+07
1.454135780817793123e+07
1.454135780760714784e+07
1.454135780698674731e+07
1.454135780631740950e+07
1.454135780559864640e+07
1.454135780483078025e+07
1.454135780401333049e+07
1.454135780314687081e+07
1.454135780223097093e+07
1.454135780126569234e+07
1.454135780025128275e+07
1.454135779918723740e+07
1.454135779807423055e+07
1.454135779691166803e+07
1.454135779570021480e+07
1.454135779443938285e+07
1.454135779312930442e+07
1.454135779176975787e+07
1.454135779036090896e+07
