1.349142445925315656e+07
1.349142445924621634e+07
1.349142445922735892e+07
1.349142445919641666e+07
1.349142445915407129e+07
1.349142445909910463e+07
1.349142445903250575e+07
1.349142445895431936e+07
1.349142445886386000e+07
1.349142445876148157e+07
1.349142445864736475e+07
1.349142445852105133e+07
1.349142445838320628e+07
1.349142445823302120e+07
1.349142445807106234e+07
1.349142445789728686e+07
1.349142445771148801e+07
1.349142445751376823e+07
1.349142445730408840e+07
1.349142445708255097e+07
1.349142445684923418e+07
1.349142445660365187e+07
1.349142445634659752e+07
1.349142445607753657e+07
1.349142445579622686e+07
1.349142445550336502e+07
1.349142445519824326e+07
1.349142445488139242e+07
1.349142445455226116e+07
1.349142445421174169e+07
