4.324014315578313544e+06
4.324014315572097898e+06
4.324014315555181354e+06
4.324014315527623519e+06
4.324014315489363857e+06
4.324014315440457314e+06
4.324014315380866639e+06
4.324014315310674720e+06
4.324014315229762346e+06
4.324014315138209611e+06
4.324014315035931766e+06
4.324014314922987483e+06
4.324014314799394459e+06
4.324014314665136859e+06
4.324014314520236105e+06
4.324014314364560880e+06
4.324014314198345877e+06
4.324014314021414146e+06
4.324014313833743334e+06
4.324014313635483384e+06
4.324014313426523469e+06
4.324014313206883147e+06
4.324014312976621091e+06
4.324014312735680491e+06
4.324014312484038062e+06
4.324014312221727334e+06
4.324014311948757619e+06
4.324014311665125191e+06
4.324014311370751821e+06
4.324014311065784656e+06
