1.516405577226356566e+08
1.516405577223458588e+08
1.516405577215596735e+08
1.516405577202737033e+08
1.516405577184984684e+08
1.516405577162204683e+08
1.516405577134413421e+08
1.516405577101871669e+08
1.516405577064313591e+08
1.516405577021662593e+08
1.516405576974240839e+08
1.516405576921705008e+08
1.516405576864299774e+08
1.516405576801861525e+08
1.516405576734377444e+08
1.516405576662151814e+08
1.516405576584832966e+08
1.516405576502571404e+08
1.516405576415391564e+08
1.516405576323173344e+08
1.516405576226045191e+08
1.516405576124009192e+08
1.516405576016786098e+08
1.516405575904824138e+08
1.516405575787962675e+08
1.516405575665998459e+08
1.516405575539089739e+08
1.516405575407167673e+08
1.516405575270427763e+08
1.516405575128687620e+08
