1.793948249030296504e+07
1.793948249029013142e+07
1.793948249025509134e+07
1.793948249019838870e+07
1.793948249012019113e+07
1.793948249002013728e+07
1.793948248989750072e+07
1.793948248975363746e+07
1.793948248958728462e+07
1.793948248939931765e+07
1.793948248918975145e+07
1.793948248895791918e+07
1.793948248870441318e+07
1.793948248842883110e+07
1.793948248813220859e+07
1.793948248781231046e+07
1.793948248747126386e+07
1.793948248710823059e+07
1.793948248672343418e+07
1.793948248631637543e+07
1.793948248588769510e+07
1.793948248543684557e+07
1.793948248496455699e+07
1.793948248446996137e+07
1.793948248395379260e+07
1.793948248341562599e+07
1.793948248285540938e+07
1.793948248227347806e+07
1.793948248166979104e+07
1.793948248104361072e+07
