1.954859817192390934e+07
1.954859817189258710e+07
1.954859817180646956e+07
1.954859817166554928e+07
1.954859817147109658e+07
1.954859817122221738e+07
1.954859817091792822e+07
1.954859817056076229e+07
1.954859817014860362e+07
1.954859816968149692e+07
1.954859816916061938e+07
1.954859816858559847e+07
1.954859816795580462e+07
1.954859816727161780e+07
1.954859816653329134e+07
1.954859816574085131e+07
1.954859816489395127e+07
1.954859816399182752e+07
1.954859816303631663e+07
1.954859816202644631e+07
1.954859816096188128e+07
1.954859815984273702e+07
1.954859815866981819e+07
1.954859815744233131e+07
1.954859815615994483e+07
1.954859815482360870e+07
1.954859815343293920e+07
1.954859815198791772e+07
1.954859815048835054e+07
1.954859814893516153e+07
