5.592338255913558416e+06
5.592338255905407481e+06
5.592338255883423612e+06
5.592338255847421475e+06
5.592338255797526799e+06
5.592338255733657628e+06
5.592338255655813962e+06
5.592338255564118735e+06
5.592338255458362401e+06
5.592338255338786170e+06
5.592338255205236375e+06
5.592338255057884380e+06
5.592338254896385595e+06
5.592338254721079022e+06
5.592338254531809129e+06
5.592338254328657873e+06
5.592338254111501388e+06
5.592338253880445845e+06
5.592338253635398112e+06
5.592338253376453184e+06
5.592338253103555180e+06
5.592338252816790715e+06
5.592338252516065724e+06
5.592338252201380208e+06
5.592338251872743480e+06
5.592338251530181617e+06
5.592338251173713244e+06
5.592338250803362578e+06
5.592338250419024378e+06
5.592338250020685606e+06
