3.205123524657372758e+07
3.205123524655395001e+07
3.205123524650020525e+07
3.205123524641211703e+07
3.205123524628927559e+07
3.205123524613216519e+07
3.205123524594236165e+07
3.205123524571799487e+07
3.205123524545859173e+07
3.205123524516598135e+07
3.205123524483927712e+07
3.205123524447688833e+07
3.205123524408231676e+07
3.205123524365216121e+07
3.205123524318949133e+07
3.205123524269079044e+07
3.205123524215932563e+07
3.205123524159334600e+07
3.205123524099228159e+07
3.205123524035889283e+07
3.205123523969019577e+07
3.205123523898696899e+07
3.205123523825061694e+07
3.205123523748034984e+07
3.205123523667490855e+07
3.205123523583647236e+07
3.205123523496349528e+07
3.205123523405532539e+07
3.205123523311347887e+07
3.205123523213817924e+07
