7.800424341444249265e+06
7.800424341439064592e+06
7.800424341424806975e+06
7.800424341401630081e+06
7.800424341369440779e+06
7.800424341328318231e+06
7.800424341278159060e+06
7.800424341219006106e+06
7.800424341150912456e+06
7.800424341073870659e+06
7.800424340987688862e+06
7.800424340892620385e+06
7.800424340788576752e+06
7.800424340675544925e+06
7.800424340553540736e+06
7.800424340422544628e+06
7.800424340282514691e+06
7.800424340133507736e+06
7.800424339975548908e+06
7.800424339808695950e+06
7.800424339632735588e+06
7.800424339447774924e+06
7.800424339253962971e+06
7.800424339051074348e+06
7.800424338839212433e+06
7.800424338618367910e+06
7.800424338388563134e+06
7.800424338149835356e+06
7.800424337902015075e+06
7.800424337645187043e+06
