1.335813662509451807e+07
1.335813662507757731e+07
1.335813662503174134e+07
1.335813662495649233e+07
1.335813662485152110e+07
1.335813662471822090e+07
1.335813662455497123e+07
1.335813662436309271e+07
1.335813662414224260e+07
1.335813662389170192e+07
1.335813662361203879e+07
1.335813662330345623e+07
1.335813662296575680e+07
1.335813662259848043e+07
1.335813662220234796e+07
1.335813662177700736e+07
1.335813662132221833e+07
1.335813662083862908e+07
1.335813662032577768e+07
1.335813661978390068e+07
1.335813661921249889e+07
1.335813661861231551e+07
1.335813661798261479e+07
1.335813661732373387e+07
1.335813661663591489e+07
1.335813661591891758e+07
1.335813661517268047e+07
1.335813661439720355e+07
1.335813661359301582e+07
1.335813661275904812e+07
