1.352937594573450647e+07
1.352937594571867399e+07
1.352937594567645900e+07
1.352937594560708106e+07
1.352937594551103935e+07
1.352937594538838230e+07
1.352937594523882866e+07
1.352937594506231137e+07
1.352937594485960528e+07
1.352937594462969899e+07
1.352937594437308796e+07
1.352937594408981502e+07
1.352937594377958775e+07
1.352937594344269857e+07
1.352937594307877123e+07
1.352937594268846512e+07
1.352937594227077812e+07
1.352937594182666764e+07
1.352937594135605358e+07
1.352937594085847586e+07
1.352937594033366255e+07
1.352937593978254125e+07
1.352937593920469284e+07
1.352937593860007636e+07
1.352937593796818703e+07
1.352937593731025606e+07
1.352937593662509695e+07
1.352937593591305427e+07
1.352937593517464399e+07
1.352937593440915272e+07
