7.377171114815453067e+06
7.377171114809960127e+06
7.377171114794783294e+06
7.377171114770203829e+06
7.377171114736017771e+06
7.377171114692312665e+06
7.377171114639025182e+06
7.377171114576403052e+06
7.377171114503934048e+06
7.377171114422118291e+06
7.377171114330722019e+06
7.377171114229789004e+06
7.377171114119312726e+06
7.377171113999353722e+06
7.377171113869819790e+06
7.377171113730795681e+06
7.377171113582062535e+06
7.377171113423957489e+06
7.377171113256232813e+06
7.377171113079061732e+06
7.377171112892423756e+06
7.377171112696097232e+06
7.377171112490183674e+06
7.377171112274928018e+06
7.377171112050032243e+06
7.377171111815580167e+06
7.377171111571590416e+06
7.377171111318182200e+06
7.377171111055046320e+06
7.377171110782387666e+06
