8.542067257237608731e+07
8.542067257234038413e+07
8.542067257224445045e+07
8.542067257208590209e+07
8.542067257186721265e+07
8.542067257158608735e+07
8.542067257124629617e+07
8.542067257084587216e+07
8.542067257038554549e+07
8.542067256986400485e+07
8.542067256928004324e+07
8.542067256863619387e+07
8.542067256793212891e+07
8.542067256716139615e+07
8.542067256633238494e+07
8.542067256543911994e+07
8.542067256448595226e+07
8.542067256347969174e+07
8.542067256240712106e+07
8.542067256127649546e+07
8.542067256008045375e+07
8.542067255882504582e+07
8.542067255751186609e+07
8.542067255612975359e+07
8.542067255469179153e+07
8.542067255319537222e+07
8.542067255163414776e+07
8.542067255001503229e+07
8.542067254832951725e+07
8.542067254658803344e+07
