1.408746664476846810e+06
1.408746664475928759e+06
1.408746664473420940e+06
1.408746664469324518e+06
1.408746664463658817e+06
1.408746664456389146e+06
1.408746664447556250e+06
1.408746664437125670e+06
1.408746664425125346e+06
1.408746664411526872e+06
1.408746664396343520e+06
1.408746664379576687e+06
1.408746664361234521e+06
1.408746664341300493e+06
1.408746664319783915e+06
1.408746664296695264e+06
1.408746664272016147e+06
1.408746664245751454e+06
1.408746664217898622e+06
1.408746664188469062e+06
1.408746664157450432e+06
1.408746664124858566e+06
1.408746664090662263e+06
1.408746664054906694e+06
1.408746664017536212e+06
1.408746663978609024e+06
1.408746663938090904e+06
1.408746663895990001e+06
1.408746663852295838e+06
1.408746663807038916e+06
