5.286725790300107002e+07
5.286725790298137814e+07
5.286725790292795002e+07
5.286725790283997357e+07
5.286725790271711349e+07
5.286725790256113559e+07
5.286725790236977488e+07
5.286725790214433521e+07
5.286725790188614279e+07
5.286725790159281343e+07
5.286725790126682073e+07
5.286725790090604126e+07
5.286725790050819516e+07
5.286725790007819980e+07
5.286725789961402118e+07
5.286725789911619574e+07
5.286725789858401567e+07
5.286725789802040160e+07
5.286725789741952717e+07
5.286725789678382874e+07
5.286725789611581713e+07
5.286725789540925622e+07
5.286725789467430115e+07
5.286725789390520751e+07
5.286725789309801161e+07
5.286725789225844294e+07
5.286725789138572663e+07
5.286725789047643542e+07
5.286725788953525573e+07
5.286725788855824620e+07
