2.042534823288827837e+08
2.042534823288058341e+08
2.042534823286011517e+08
2.042534823282678723e+08
2.042534823278083205e+08
2.042534823272132576e+08
2.042534823265011013e+08
2.042534823256533444e+08
2.042534823246787190e+08
2.042534823235775828e+08
2.042534823223485649e+08
2.042534823209810555e+08
2.042534823194860220e+08
2.042534823178663850e+08
2.042534823161133826e+08
2.042534823142373264e+08
2.042534823122456074e+08
2.042534823101173639e+08
2.042534823078518808e+08
2.042534823054562807e+08
2.042534823029432595e+08
2.042534823002894819e+08
2.042534822975273430e+08
2.042534822946279347e+08
2.042534822916053236e+08
2.042534822884429991e+08
2.042534822851370871e+08
2.042534822817237675e+08
2.042534822781672180e+08
2.042534822744953036e+08
