1.702221449006900489e+08
1.702221449005078971e+08
1.702221449000113606e+08
1.702221448992022872e+08
1.702221448980798423e+08
1.702221448966398835e+08
1.702221448948865831e+08
1.702221448928136826e+08
1.702221448904343247e+08
1.702221448877469897e+08
1.702221448847497702e+08
1.702221448814211190e+08
1.702221448777910769e+08
1.702221448738345802e+08
1.702221448695638180e+08
1.702221448649861813e+08
1.702221448600926697e+08
1.702221448548881710e+08
1.702221448493683636e+08
1.702221448435219526e+08
1.702221448373734355e+08
1.702221448309176862e+08
1.702221448241513371e+08
1.702221448170411289e+08
1.702221448096509874e+08
1.702221448019361198e+08
1.702221447938939333e+08
1.702221447855471671e+08
1.702221447768984735e+08
1.702221447679220438e+08
