9.118888669645633781e+05
9.118888669644666370e+05
9.118888669641999295e+05
9.118888669637650019e+05
9.118888669631619705e+05
9.118888669623899041e+05
9.118888669614451937e+05
9.118888669603347080e+05
9.118888669590573991e+05
9.118888669576155953e+05
9.118888669560003327e+05
9.118888669542096322e+05
9.118888669522572309e+05
9.118888669501396362e+05
9.118888669478455558e+05
9.118888669453876792e+05
9.118888669427612331e+05
9.118888669399647042e+05
9.118888669370005373e+05
9.118888669338622130e+05
9.118888669305624207e+05
9.118888669270902174e+05
9.118888669234504923e+05
9.118888669196455739e+05
9.118888669156688266e+05
9.118888669115246739e+05
9.118888669072104385e+05
9.118888669027269352e+05
9.118888668980762595e+05
9.118888668932541041e+05
