2.270274605645677099e-29
6.889109148166192113e-29
1.150794369068670881e-28
1.612677823320722326e-28
2.074561277572773771e-28
2.536444731824825441e-28
2.998328186076876662e-28
3.460211640328928331e-28
3.922095094580980001e-28
4.383978548833031671e-28
4.845862003085083340e-28
5.307745457337135010e-28
5.769628911589185782e-28
6.231512365841237452e-28
6.693395820093289121e-28
7.155279274345340791e-28
7.617162728597392460e-28
8.079046182849445027e-28
8.540929637101495799e-28
9.002813091353546572e-28
9.464696545605599138e-28
9.926579999857649911e-28
1.038846345410970248e-27
1.085034690836175325e-27
1.131223036261380402e-27
1.177411381686585659e-27
1.223599727111790736e-27
1.269788072536995993e-27
1.315976417962201070e-27
1.362164763387406327e-27
