4.347730785099556561e-29
1.319311410650899937e-28
2.203849742791844275e-28
3.088388074932788612e-28
3.972926407073732950e-28
4.857464739214677287e-28
5.742003071355622073e-28
6.626541403496566859e-28
7.511079735637510748e-28
8.395618067778454637e-28
9.280156399919398526e-28
1.016469473206034421e-27
1.104923306420128810e-27
1.193377139634223199e-27
1.281830972848317767e-27
1.370284806062412156e-27
1.458738639276506545e-27
1.547192472490600934e-27
1.635646305704695322e-27
1.724100138918789891e-27
1.812553972132884100e-27
1.901007805346978669e-27
1.989461638561073237e-27
2.077915471775167446e-27
2.166369304989262015e-27
2.254823138203356583e-27
2.343276971417450792e-27
2.431730804631545361e-27
2.520184637845639929e-27
2.608638471059734138e-27
