2.877373368542521657e-29
8.731339876956616399e-29
1.458530638537071002e-28
2.043927289378480476e-28
2.629323940219889950e-28
3.214720591061299424e-28
3.800117241902708898e-28
4.385513892744118373e-28
4.970910543585528295e-28
5.556307194426938218e-28
6.141703845268347243e-28
6.727100496109756269e-28
7.312497146951166192e-28
7.897893797792576114e-28
8.483290448633983346e-28
9.068687099475393269e-28
9.654083750316803192e-28
1.023948040115821311e-27
1.082487705199962304e-27
1.141027370284103117e-27
1.199567035368244109e-27
1.258106700452385101e-27
1.316646365536525914e-27
1.375186030620666906e-27
1.433725695704807898e-27
1.492265360788948891e-27
1.550805025873089883e-27
1.609344690957230696e-27
1.667884356041371688e-27
1.726424021125512860e-27
