2.568727421530876853e-29
7.794759072231626080e-29
1.302079072293237531e-28
1.824682237363312454e-28
2.347285402433387152e-28
2.869888567503462075e-28
3.392491732573536998e-28
3.915094897643611920e-28
4.437698062713686843e-28
4.960301227783761766e-28
5.482904392853836688e-28
6.005507557923911611e-28
6.528110722993986534e-28
7.050713888064061457e-28
7.573317053134136379e-28
8.095920218204211302e-28
8.618523383274287122e-28
9.141126548344361148e-28
9.663729713414436967e-28
1.018633287848451279e-27
1.070893604355458681e-27
1.123153920862466084e-27
1.175414237369473666e-27
1.227674553876481248e-27
1.279934870383488650e-27
1.332195186890496053e-27
1.384455503397503635e-27
1.436715819904511217e-27
1.488976136411518619e-27
1.541236452918526201e-27
