3.098076923299556601e-29
9.401061008633137582e-29
1.570404509396671912e-28
2.200702917930030066e-28
2.831001326463388221e-28
3.461299734996746375e-28
4.091598143530104977e-28
4.721896552063463131e-28
5.352194960596821285e-28
5.982493369130179440e-28
6.612791777663537594e-28
7.243090186196895748e-28
7.873388594730253902e-28
8.503687003263611159e-28
9.133985411796970210e-28
9.764283820330329261e-28
1.039458222886368652e-27
1.102488063739704378e-27
1.165517904593040283e-27
1.228547745446376188e-27
1.291577586299711913e-27
1.354607427153047639e-27
1.417637268006383544e-27
1.480667108859719449e-27
1.543696949713055175e-27
1.606726790566390901e-27
1.669756631419726627e-27
1.732786472273062711e-27
1.795816313126398437e-27
1.858846153979734163e-27
