4.495554260146743365e-29
1.364168189285908355e-28
2.278780952557142261e-28
3.193393715828376391e-28
4.108006479099610073e-28
5.022619242370844203e-28
5.937232005642078333e-28
6.851844768913312464e-28
7.766457532184546594e-28
8.681070295455778931e-28
9.595683058727013061e-28
1.051029582199824719e-27
1.142490858526948132e-27
1.233952134854071545e-27
1.325413411181194958e-27
1.416874687508318371e-27
1.508335963835441784e-27
1.599797240162565197e-27
1.691258516489688610e-27
1.782719792816812203e-27
1.874181069143935436e-27
1.965642345471059029e-27
2.057103621798182262e-27
2.148564898125305855e-27
2.240026174452429088e-27
2.331487450779552681e-27
2.422948727106675915e-27
2.514410003433799507e-27
2.605871279760922741e-27
2.697332556088046333e-27
