3.226665607096261419e-29
9.791261152567965646e-29
1.635585669803966987e-28
2.292045224351137746e-28
2.948504778898308057e-28
3.604964333445478368e-28
4.261423887992648678e-28
4.917883442539818989e-28
5.574342997086989299e-28
6.230802551634159610e-28
6.887262106181329921e-28
7.543721660728500231e-28
8.200181215275672336e-28
8.856640769822842646e-28
9.513100324370012957e-28
1.016955987891718327e-27
1.082601943346435358e-27
1.148247898801152389e-27
1.213893854255869420e-27
1.279539809710586451e-27
1.345185765165303482e-27
1.410831720620020513e-27
1.476477676074737544e-27
1.542123631529454575e-27
1.607769586984171786e-27
1.673415542438888817e-27
1.739061497893605848e-27
1.804707453348322879e-27
1.870353408803039910e-27
1.935999364257756941e-27
