2.559381838473801716e-29
7.766400061575674096e-29
1.297341828467754704e-28
1.818043650777941998e-28
2.338745473088129292e-28
2.859447295398316810e-28
3.380149117708503880e-28
3.900850940018690949e-28
4.421552762328878916e-28
4.942254584639066434e-28
5.462956406949253952e-28
5.983658229259440574e-28
6.504360051569628092e-28
7.025061873879815610e-28
7.545763696190002232e-28
8.066465518500189750e-28
8.587167340810377268e-28
9.107869163120563889e-28
9.628570985430752304e-28
1.014927280774093893e-27
1.066997463005112734e-27
1.119067645236131396e-27
1.171137827467150058e-27
1.223208009698168900e-27
1.275278191929187562e-27
1.327348374160206224e-27
1.379418556391225066e-27
1.431488738622243728e-27
1.483558920853262390e-27
1.535629103084281231e-27
