2.064165638911190666e-29
6.263675042213268692e-29
1.046318444551534588e-28
1.466269384881742530e-28
1.886220325211950249e-28
2.306171265542157967e-28
2.726122205872365686e-28
3.146073146202573404e-28
3.566024086532781123e-28
3.985975026862988841e-28
4.405925967193197008e-28
4.825876907523404727e-28
5.245827847853612445e-28
5.665778788183820164e-28
6.085729728514027882e-28
6.505680668844235601e-28
6.925631609174443319e-28
7.345582549504651038e-28
7.765533489834858756e-28
8.185484430165067372e-28
8.605435370495275987e-28
9.025386310825482809e-28
9.445337251155691424e-28
9.865288191485898246e-28
1.028523913181610686e-27
1.070519007214631368e-27
1.112514101247652230e-27
1.154509195280672912e-27
1.196504289313693774e-27
1.238499383346714456e-27
