3.872774729749740182e-29
1.175186814544748814e-28
1.963096156114523611e-28
2.751005497684298183e-28
3.538914839254072979e-28
4.326824180823847775e-28
5.114733522393622572e-28
5.902642863963397368e-28
6.690552205533172164e-28
7.478461547102946960e-28
8.266370888672721757e-28
9.054280230242495656e-28
9.842189571812271349e-28
1.063009891338204704e-27
1.141800825495182094e-27
1.220591759652159484e-27
1.299382693809137053e-27
1.378173627966114623e-27
1.456964562123092013e-27
1.535755496280069403e-27
1.614546430437046972e-27
1.693337364594024721e-27
1.772128298751001931e-27
1.850919232907979501e-27
1.929710167064957070e-27
2.008501101221934639e-27
2.087292035378912208e-27
2.166082969535889419e-27
2.244873903692866988e-27
2.323664837849844558e-27
