3.013699163899215117e-29
9.145018152521757571e-29
1.527633714114430115e-28
2.140765612976684360e-28
2.753897511838938605e-28
3.367029410701192851e-28
3.980161309563447096e-28
4.593293208425701341e-28
5.206425107287955587e-28
5.819557006150209832e-28
6.432688905012464077e-28
7.045820803874718323e-28
7.658952702736972568e-28
8.272084601599225917e-28
8.885216500461481059e-28
9.498348399323734407e-28
1.011148029818598955e-27
1.072461219704824469e-27
1.133774409591049804e-27
1.195087599477275139e-27
1.256400789363500653e-27
1.317713979249726167e-27
1.379027169135951502e-27
1.440340359022176837e-27
1.501653548908402351e-27
1.562966738794627865e-27
1.624279928680853200e-27
1.685593118567078356e-27
1.746906308453303870e-27
1.808219498339529384e-27
