5.231209291863447141e-29
1.587401440289597629e-28
2.651681951392850320e-28
3.715962462496103908e-28
4.780242973599356599e-28
5.844523484702609290e-28
6.908803995805862878e-28
7.973084506909115569e-28
9.037365018012367363e-28
1.010164552911562095e-27
1.116592604021887275e-27
1.223020655132212633e-27
1.329448706242537992e-27
1.435876757352863172e-27
1.542304808463188530e-27
1.648732859573513889e-27
1.755160910683839248e-27
1.861588961794164607e-27
1.968017012904489965e-27
2.074445064014814966e-27
2.180873115125140324e-27
2.287301166235465683e-27
2.393729217345791042e-27
2.500157268456116401e-27
2.606585319566441759e-27
2.713013370676766760e-27
2.819441421787092118e-27
2.925869472897417477e-27
3.032297524007742836e-27
3.138725575118068195e-27
