2.969505827559583553e-29
9.010914235353219445e-29
1.505232264314685478e-28
2.109373105094048787e-28
2.713513945873412544e-28
3.317654786652775853e-28
3.921795627432139610e-28
4.525936468211502919e-28
5.130077308990866228e-28
5.734218149770229537e-28
6.338358990549592846e-28
6.942499831328957052e-28
7.546640672108320361e-28
8.150781512887684566e-28
8.754922353667047875e-28
9.359063194446411184e-28
9.963204035225774493e-28
1.056734487600513780e-27
1.117148571678450111e-27
1.177562655756386442e-27
1.237976739834322773e-27
1.298390823912259283e-27
1.358804907990195614e-27
1.419218992068131945e-27
1.479633076146068276e-27
1.540047160224004607e-27
1.600461244301940938e-27
1.660875328379877627e-27
1.721289412457813958e-27
1.781703496535750289e-27
