1.996950838363607053e-29
6.059712888827497652e-29
1.012247493929138881e-28
1.418523698975527773e-28
1.824799904021916889e-28
2.231076109068306005e-28
2.637352314114694896e-28
3.043628519161084236e-28
3.449904724207473128e-28
3.856180929253862020e-28
4.262457134300251808e-28
4.668733339346640700e-28
5.075009544393029592e-28
5.481285749439418483e-28
5.887561954485808272e-28
6.293838159532197164e-28
6.700114364578586055e-28
7.106390569624974947e-28
7.512666774671363839e-28
7.918942979717753627e-28
8.325219184764141622e-28
8.731495389810529617e-28
9.137771594856919406e-28
9.544047799903309194e-28
9.950324004949697189e-28
1.035660020999608698e-27
1.076287641504247497e-27
1.116915262008886476e-27
1.157542882513525455e-27
1.198170503018164254e-27
