2.697510161556971603e-29
8.185548076448741494e-29
1.367358599134051138e-28
1.916162390623228128e-28
2.464966182112405117e-28
3.013769973601581881e-28
3.562573765090759095e-28
4.111377556579936308e-28
4.660181348069113073e-28
5.208985139558289838e-28
5.757788931047466603e-28
6.306592722536644264e-28
6.855396514025821029e-28
7.404200305514997794e-28
7.953004097004175456e-28
8.501807888493351324e-28
9.050611679982528986e-28
9.599415471471706647e-28
1.014821926296088252e-27
1.069702305445006018e-27
1.124582684593923604e-27
1.179463063742841371e-27
1.234343442891759137e-27
1.289223822040676724e-27
1.344104201189594490e-27
1.398984580338512256e-27
1.453864959487429843e-27
1.508745338636347609e-27
1.563625717785265375e-27
1.618506096934182962e-27
