3.217016394087404059e-29
9.761980782058330215e-29
1.630694517002925749e-28
2.285190955800018141e-28
2.939687394597110980e-28
3.594183833394203820e-28
4.248680272191295763e-28
4.903176710988388603e-28
5.557673149785481443e-28
6.212169588582574283e-28
6.866666027379667122e-28
7.521162466176759065e-28
8.175658904973851905e-28
8.830155343770943848e-28
9.484651782568035791e-28
1.013914822136512953e-27
1.079364466016222147e-27
1.144814109895931341e-27
1.210263753775640715e-27
1.275713397655349909e-27
1.341163041535059283e-27
1.406612685414768477e-27
1.472062329294477672e-27
1.537511973174187045e-27
1.602961617053896240e-27
1.668411260933605613e-27
1.733860904813314987e-27
1.799310548693024361e-27
1.864760192572733375e-27
1.930209836452442749e-27
