1.899312169443637823e-29
5.763430031415176687e-29
9.627547893386717233e-29
1.349166575535825778e-28
1.735578361732979608e-28
2.121990147930133439e-28
2.508401934127287717e-28
2.894813720324441548e-28
3.281225506521595378e-28
3.667637292718749209e-28
4.054049078915903039e-28
4.440460865113056869e-28
4.826872651310211597e-28
5.213284437507365427e-28
5.599696223704519257e-28
5.986108009901673088e-28
6.372519796098826918e-28
6.758931582295980748e-28
7.145343368493134579e-28
7.531755154690288409e-28
7.918166940887442240e-28
8.304578727084596070e-28
8.690990513281749003e-28
9.077402299478903731e-28
9.463814085676058458e-28
9.850225871873211391e-28
1.023663765807036612e-27
1.062304944426751905e-27
1.100946123046467378e-27
1.139587301666182671e-27
