1.771649212904496140e-29
5.376038990882608590e-29
8.980428768860722162e-29
1.258481854683883573e-28
1.618920832481694818e-28
1.979359810279506063e-28
2.339798788077317533e-28
2.700237765875128553e-28
3.060676743672940023e-28
3.421115721470751492e-28
3.781554699268562513e-28
4.141993677066373982e-28
4.502432654864185003e-28
4.862871632661996920e-28
5.223310610459807044e-28
5.583749588257618962e-28
5.944188566055430880e-28
6.304627543853241004e-28
6.665066521651052921e-28
7.025505499448864839e-28
7.385944477246674963e-28
7.746383455044486880e-28
8.106822432842298798e-28
8.467261410640108922e-28
8.827700388437920840e-28
9.188139366235730964e-28
9.548578344033542881e-28
9.909017321831354799e-28
1.026945629962916492e-27
1.062989527742697684e-27
