2.760016384678087650e-29
8.375222132816266050e-29
1.399042788095444277e-28
1.960563362909262173e-28
2.522083937723079845e-28
3.083604512536897516e-28
3.645125087350715637e-28
4.206645662164533757e-28
4.768166236978351429e-28
5.329686811792169100e-28
5.891207386605986772e-28
6.452727961419804444e-28
7.014248536233623013e-28
7.575769111047440684e-28
8.137289685861257459e-28
8.698810260675075131e-28
9.260330835488892803e-28
9.821851410302710475e-28
1.038337198511652815e-27
1.094489255993034582e-27
1.150641313474416349e-27
1.206793370955798116e-27
1.262945428437179883e-27
1.319097485918561651e-27
1.375249543399943597e-27
1.431401600881325364e-27
1.487553658362707131e-27
1.543705715844088899e-27
1.599857773325470666e-27
1.656009830806852433e-27
