1.859804323580184259e-29
5.643544154312284738e-29
9.427283985044384657e-29
1.321102381577648458e-28
1.699476364650858449e-28
2.077850347724068217e-28
2.456224330797278433e-28
2.834598313870488201e-28
3.212972296943698417e-28
3.591346280016908633e-28
3.969720263090118401e-28
4.348094246163327720e-28
4.726468229236537936e-28
5.104842212309748152e-28
5.483216195382957471e-28
5.861590178456167687e-28
6.239964161529377903e-28
6.618338144602588119e-28
6.996712127675798335e-28
7.375086110749007655e-28
7.753460093822217871e-28
8.131834076895428984e-28
8.510208059968637406e-28
8.888582043041847622e-28
9.266956026115057838e-28
9.645330009188268054e-28
1.002370399226147827e-27
1.040207797533468849e-27
1.078045195840789691e-27
1.115882594148110712e-27
