2.531157195445507974e-29
7.680752868938093626e-29
1.283034854243067928e-28
1.797994421592326493e-28
2.312953988941584834e-28
2.827913556290843175e-28
3.342873123640102413e-28
3.857832690989360754e-28
4.372792258338619095e-28
4.887751825687877436e-28
5.402711393037135777e-28
5.917670960386395015e-28
6.432630527735653355e-28
6.947590095084911696e-28
7.462549662434170934e-28
7.977509229783429275e-28
8.492468797132687616e-28
9.007428364481946854e-28
9.522387931831204298e-28
1.003734749918046354e-27
1.055230706652972098e-27
1.106726663387898022e-27
1.158222620122823946e-27
1.209718576857749690e-27
1.261214533592675614e-27
1.312710490327601538e-27
1.364206447062527282e-27
1.415702403797453206e-27
1.467198360532379130e-27
1.518694317267304874e-27
