2.948994831715405401e-29
8.948673972101921036e-29
1.494835311248843667e-28
2.094803225287495567e-28
2.694771139326146570e-28
3.294739053364798470e-28
3.894706967403450369e-28
4.494674881442101372e-28
5.094642795480753272e-28
5.694610709519405172e-28
6.294578623558056175e-28
6.894546537596708075e-28
7.494514451635359974e-28
8.094482365674010081e-28
8.694450279712661084e-28
9.294418193751313880e-28
9.894386107789964883e-28
1.049435402182861589e-27
1.109432193586726868e-27
1.169428984990591969e-27
1.229425776394457069e-27
1.289422567798322349e-27
1.349419359202187449e-27
1.409416150606052549e-27
1.469412942009917829e-27
1.529409733413782929e-27
1.589406524817648029e-27
1.649403316221513309e-27
1.709400107625378230e-27
1.769396899029243510e-27
