2.280823053688003321e-29
6.921118231880837819e-29
1.156141341007367204e-28
1.620170858826650625e-28
2.084200376645934047e-28
2.548229894465217245e-28
3.012259412284500891e-28
3.476288930103784537e-28
3.940318447923067734e-28
4.404347965742350483e-28
4.868377483561633681e-28
5.332407001380917775e-28
5.796436519200200973e-28
6.260466037019484170e-28
6.724495554838768265e-28
7.188525072658051462e-28
7.652554590477334660e-28
8.116584108296617857e-28
8.580613626115901952e-28
9.044643143935186046e-28
9.508672661754468347e-28
9.972702179573752441e-28
1.043673169739303654e-27
1.090076121521231884e-27
1.136479073303160293e-27
1.182882025085088703e-27
1.229284976867016933e-27
1.275687928648945342e-27
1.322090880430873751e-27
1.368493832212801982e-27
