1.676256677635196088e-29
5.086571987306802697e-29
8.496887296978409025e-29
1.190720260665001535e-28
1.531751791632162168e-28
1.872783322599322801e-28
2.213814853566483434e-28
2.554846384533643842e-28
2.895877915500804699e-28
3.236909446467965556e-28
3.577940977435125965e-28
3.918972508402286373e-28
4.260004039369447231e-28
4.601035570336608088e-28
4.942067101303768048e-28
5.283098632270928905e-28
5.624130163238089762e-28
5.965161694205250619e-28
6.306193225172411476e-28
6.647224756139571436e-28
6.988256287106732293e-28
7.329287818073893150e-28
7.670319349041053110e-28
8.011350880008213967e-28
8.352382410975374824e-28
8.693413941942534784e-28
9.034445472909696538e-28
9.375477003876856498e-28
9.716508534844016459e-28
1.005754006581117821e-27
