3.457044212459163731e-29
1.049034105849677456e-28
1.752363790453438426e-28
2.455693475057199845e-28
3.159023159660960815e-28
3.862352844264721786e-28
4.565682528868483204e-28
5.269012213472244175e-28
5.972341898076005145e-28
6.675671582679766116e-28
7.379001267283527086e-28
8.082330951887288056e-28
8.785660636491049924e-28
9.488990321094809997e-28
1.019232000569857186e-27
1.089564969030233194e-27
1.159897937490609381e-27
1.230230905950985567e-27
1.300563874411361575e-27
1.370896842871737761e-27
1.441229811332113769e-27
1.511562779792489955e-27
1.581895748252865963e-27
1.652228716713241791e-27
1.722561685173618157e-27
1.792894653633994164e-27
1.863227622094370172e-27
1.933560590554746538e-27
2.003893559015122545e-27
2.074226527475498552e-27
