1.897704252478362201e-29
5.758550835106753802e-29
9.619397417735145683e-29
1.348024400036353756e-28
1.734109058299193057e-28
2.120193716562032357e-28
2.506278374824871209e-28
2.892363033087710509e-28
3.278447691350549809e-28
3.664532349613389109e-28
4.050617007876228409e-28
4.436701666139067261e-28
4.822786324401906113e-28
5.208870982664745862e-28
5.594955640927584713e-28
5.981040299190424462e-28
6.367124957453263314e-28
6.753209615716102165e-28
7.139294273978941914e-28
7.525378932241780766e-28
7.911463590504620514e-28
8.297548248767458469e-28
8.683632907030298218e-28
9.069717565293137967e-28
9.455802223555975922e-28
9.841886881818815670e-28
1.022797154008165542e-27
1.061405619834449517e-27
1.100014085660733312e-27
1.138622551487017287e-27
