1.650711455241018065e-29
5.009055450386537539e-29
8.367399445532057292e-29
1.172574344067757817e-28
1.508408743582309792e-28
1.844243143096861767e-28
2.180077542611413519e-28
2.515911942125965494e-28
2.851746341640517469e-28
3.187580741155069445e-28
3.523415140669621420e-28
3.859249540184173395e-28
4.195083939698725371e-28
4.530918339213277346e-28
4.866752738727829322e-28
5.202587138242381297e-28
5.538421537756933272e-28
5.874255937271485248e-28
6.210090336786037223e-28
6.545924736300589198e-28
6.881759135815141174e-28
7.217593535329693149e-28
7.553427934844245125e-28
7.889262334358797100e-28
8.225096733873349075e-28
8.560931133387901051e-28
8.896765532902453026e-28
9.232599932417005001e-28
9.568434331931556977e-28
9.904268731446108952e-28
