1.237532997454020723e-29
3.755272543998407980e-29
6.273012090542795799e-29
8.790751637087182496e-29
1.130849118363156919e-28
1.382623073017595589e-28
1.634397027672034483e-28
1.886170982326473153e-28
2.137944936980912047e-28
2.389718891635350716e-28
2.641492846289789386e-28
2.893266800944228056e-28
3.145040755598667174e-28
3.396814710253105844e-28
3.648588664907544513e-28
3.900362619561983183e-28
4.152136574216421853e-28
4.403910528870860523e-28
4.655684483525299192e-28
4.907458438179737862e-28
5.159232392834176532e-28
5.411006347488615201e-28
5.662780302143053871e-28
5.914554256797492541e-28
6.166328211451932107e-28
6.418102166106370777e-28
6.669876120760809447e-28
6.921650075415248117e-28
7.173424030069686786e-28
7.425197984724125456e-28
