1.243755116093479580e-29
3.774153455731937996e-29
6.304551795370396973e-29
8.834950135008854828e-29
1.136534847464731268e-28
1.389574681428577054e-28
1.642614515392423064e-28
1.895654349356268849e-28
2.148694183320114859e-28
2.401734017283960645e-28
2.654773851247806430e-28
2.907813685211652216e-28
3.160853519175498450e-28
3.413893353139344235e-28
3.666933187103190021e-28
3.919973021067035807e-28
4.173012855030881592e-28
4.426052688994727378e-28
4.679092522958573163e-28
4.932132356922418949e-28
5.185172190886264735e-28
5.438212024850110520e-28
5.691251858813956306e-28
5.944291692777802091e-28
6.197331526741648774e-28
6.450371360705494559e-28
6.703411194669340345e-28
6.956451028633186130e-28
7.209490862597031916e-28
7.462530696560877702e-28
