1.156591049339868556e-29
3.509655597996842689e-29
5.862720146653816542e-29
8.215784695310790955e-29
1.056884924396776537e-28
1.292191379262473754e-28
1.527497834128171195e-28
1.762804288993868637e-28
1.998110743859566078e-28
2.233417198725263744e-28
2.468723653590960961e-28
2.704030108456658626e-28
2.939336563322355843e-28
3.174643018188053509e-28
3.409949473053750726e-28
3.645255927919448392e-28
3.880562382785145609e-28
4.115868837650842377e-28
4.351175292516540491e-28
4.586481747382237708e-28
4.821788202247934926e-28
5.057094657113633040e-28
5.292401111979330257e-28
5.527707566845027474e-28
5.763014021710724691e-28
5.998320476576421908e-28
6.233626931442120022e-28
6.468933386307817239e-28
6.704239841173514456e-28
6.939546296039211673e-28
