1.438024448912283707e-29
4.363660396699343778e-29
7.289296344486404130e-29
1.021493229227346560e-28
1.314056824006052483e-28
1.606620418784758631e-28
1.899184013563464554e-28
2.191747608342170701e-28
2.484311203120876848e-28
2.776874797899582995e-28
3.069438392678289143e-28
3.362001987456994842e-28
3.654565582235700989e-28
3.947129177014407136e-28
4.239692771793112386e-28
4.532256366571818982e-28
4.824819961350524681e-28
5.117383556129230380e-28
5.409947150907936976e-28
5.702510745686642674e-28
5.995074340465349270e-28
6.287637935244054969e-28
6.580201530022760668e-28
6.872765124801467263e-28
7.165328719580172962e-28
7.457892314358878661e-28
7.750455909137585257e-28
8.043019503916290956e-28
8.335583098694997551e-28
8.628146693473703250e-28
