1.188022435159307459e-29
3.605033596345485147e-29
6.022044757531662135e-29
8.439055918717839683e-29
1.085606707990401835e-28
1.327307824109019702e-28
1.569008940227637345e-28
1.810710056346254988e-28
2.052411172464872855e-28
2.294112288583490722e-28
2.535813404702108588e-28
2.777514520820726007e-28
3.019215636939343874e-28
3.260916753057961741e-28
3.502617869176579159e-28
3.744318985295197026e-28
3.986020101413814893e-28
4.227721217532432760e-28
4.469422333651050627e-28
4.711123449769668494e-28
4.952824565888286361e-28
5.194525682006903331e-28
5.436226798125521198e-28
5.677927914244139065e-28
5.919629030362756932e-28
6.161330146481374799e-28
6.403031262599992666e-28
6.644732378718610533e-28
6.886433494837227503e-28
7.128134610955845370e-28
