1.230047027588325816e-29
3.732556497509402495e-29
6.235065967430479034e-29
8.737575437351556133e-29
1.124008490727263323e-28
1.374259437719370921e-28
1.624510384711478519e-28
1.874761331703586341e-28
2.125012278695694163e-28
2.375263225687801537e-28
2.625514172679909359e-28
2.875765119672017181e-28
3.126016066664124554e-28
3.376267013656232376e-28
3.626517960648340198e-28
3.876768907640447572e-28
4.127019854632555843e-28
4.377270801624663216e-28
4.627521748616770590e-28
4.877772695608878860e-28
5.128023642600986234e-28
5.378274589593093607e-28
5.628525536585201878e-28
5.878776483577309252e-28
6.129027430569416625e-28
6.379278377561524896e-28
6.629529324553632269e-28
6.879780271545739643e-28
7.130031218537847913e-28
7.380282165529955287e-28
