1.640565513076260743e-29
4.978267763817619038e-29
8.315970014558977334e-29
1.165367226530033563e-28
1.499137451604169392e-28
1.832907676678305222e-28
2.166677901752441276e-28
2.500448126826577105e-28
2.834218351900712935e-28
3.167988576974848764e-28
3.501758802048984594e-28
3.835529027123120423e-28
4.169299252197256253e-28
4.503069477271392083e-28
4.836839702345527912e-28
5.170609927419663742e-28
5.504380152493799571e-28
5.838150377567935401e-28
6.171920602642071230e-28
6.505690827716207060e-28
6.839461052790342889e-28
7.173231277864478719e-28
7.507001502938614548e-28
7.840771728012750378e-28
8.174541953086886207e-28
8.508312178161022037e-28
8.842082403235157867e-28
9.175852628309293696e-28
9.509622853383429526e-28
9.843393078457565355e-28
