1.281341701148190727e-29
3.888209300035889373e-29
6.495076898923588019e-29
9.101944497811286666e-29
1.170881209669898643e-28
1.431567969558668508e-28
1.692254729447438373e-28
1.952941489336208237e-28
2.213628249224978102e-28
2.474315009113747966e-28
2.735001769002517831e-28
2.995688528891287696e-28
3.256375288780057560e-28
3.517062048668827425e-28
3.777748808557597289e-28
4.038435568446367154e-28
4.299122328335137019e-28
4.559809088223907332e-28
4.820495848112676748e-28
5.081182608001446164e-28
5.341869367890216477e-28
5.602556127778986790e-28
5.863242887667756206e-28
6.123929647556525623e-28
6.384616407445295936e-28
6.645303167334066249e-28
6.905989927222835665e-28
7.166676687111605081e-28
7.427363447000375394e-28
7.688050206889145707e-28
