1.217800960549188808e-29
3.695396018218228281e-29
6.172991075887267894e-29
8.650586133556306947e-29
1.112818119122534712e-28
1.360577624889438729e-28
1.608337130656342523e-28
1.856096636423246540e-28
2.103856142190150557e-28
2.351615647957054351e-28
2.599375153723958592e-28
2.847134659490862385e-28
3.094894165257766178e-28
3.342653671024670420e-28
3.590413176791574213e-28
3.838172682558478455e-28
4.085932188325382696e-28
4.333691694092286489e-28
4.581451199859190283e-28
4.829210705626094973e-28
5.076970211392998766e-28
5.324729717159902559e-28
5.572489222926806352e-28
5.820248728693710145e-28
6.068008234460613938e-28
6.315767740227518628e-28
6.563527245994422422e-28
6.811286751761326215e-28
7.059046257528230008e-28
7.306805763295133801e-28
