2.034172104770187082e-29
6.172660179992291873e-29
1.031114825521439582e-28
1.444963633043650089e-28
1.858812440565860597e-28
2.272661248088070880e-28
2.686510055610281387e-28
3.100358863132491894e-28
3.514207670654702401e-28
3.928056478176912908e-28
4.341905285699122518e-28
4.755754093221333026e-28
5.169602900743543533e-28
5.583451708265754040e-28
5.997300515787964547e-28
6.411149323310175054e-28
6.824998130832385561e-28
7.238846938354596069e-28
7.652695745876806576e-28
8.066544553399017083e-28
8.480393360921227590e-28
8.894242168443438097e-28
9.308090975965648604e-28
9.721939783487859111e-28
1.013578859101006962e-27
1.054963739853228013e-27
1.096348620605449063e-27
1.137733501357670114e-27
1.179118382109891165e-27
1.220503262862112215e-27
