1.221899062673009026e-29
3.707831638456027447e-29
6.193764214239045868e-29
8.679696790022064850e-29
1.116562936580508159e-28
1.365156194158809945e-28
1.613749451737112180e-28
1.862342709315413966e-28
2.110935966893715752e-28
2.359529224472017538e-28
2.608122482050319324e-28
2.856715739628621110e-28
3.105308997206923344e-28
3.353902254785225130e-28
3.602495512363526917e-28
3.851088769941828703e-28
4.099682027520130489e-28
4.348275285098432275e-28
4.596868542676734061e-28
4.845461800255035847e-28
5.094055057833337633e-28
5.342648315411639419e-28
5.591241572989941205e-28
5.839834830568242991e-28
6.088428088146545674e-28
6.337021345724847460e-28
6.585614603303149246e-28
6.834207860881451032e-28
7.082801118459752818e-28
7.331394376038054604e-28
