2.141677053181582670e-29
6.498882092413079181e-29
1.085608713164457541e-28
1.521329217087607276e-28
1.957049721010756787e-28
2.392770224933906298e-28
2.828490728857056258e-28
3.264211232780205768e-28
3.699931736703355279e-28
4.135652240626504790e-28
4.571372744549654301e-28
5.007093248472803812e-28
5.442813752395954220e-28
5.878534256319103731e-28
6.314254760242253242e-28
6.749975264165402753e-28
7.185695768088552264e-28
7.621416272011701775e-28
8.057136775934851286e-28
8.492857279858000797e-28
8.928577783781150308e-28
9.364298287704299819e-28
9.800018791627449330e-28
1.023573929555059884e-27
1.067145979947375015e-27
1.110718030339689966e-27
1.154290080732004917e-27
1.197862131124319868e-27
1.241434181516634819e-27
1.285006231908949770e-27
