1.457895977747758116e-29
4.423960208338024608e-29
7.390024438928291100e-29
1.035608866951855927e-28
1.332215290010882521e-28
1.628821713069909114e-28
1.925428136128935707e-28
2.222034559187962300e-28
2.518640982246988893e-28
2.815247405306015486e-28
3.111853828365042080e-28
3.408460251424068673e-28
3.705066674483095714e-28
4.001673097542122307e-28
4.298279520601148901e-28
4.594885943660175045e-28
4.891492366719202087e-28
5.188098789778229128e-28
5.484705212837255273e-28
5.781311635896282315e-28
6.077918058955308460e-28
6.374524482014335501e-28
6.671130905073361646e-28
6.967737328132388687e-28
7.264343751191415729e-28
7.560950174250441874e-28
7.857556597309468915e-28
8.154163020368495060e-28
8.450769443427522998e-28
8.747375866486549143e-28
