6.521987522106489167e+06
6.521987522106271237e+06
6.521987522105863318e+06
6.521987522105230018e+06
6.521987522104381584e+06
6.521987522103310563e+06
6.521987522102050483e+06
6.521987522100551985e+06
6.521987522098830901e+06
6.521987522096895613e+06
6.521987522094819695e+06
6.521987522092435509e+06
6.521987522089886479e+06
6.521987522087062709e+06
6.521987522084200755e+06
6.521987522080978379e+06
6.521987522077524103e+06
6.521987522073803470e+06
6.521987522070080042e+06
6.521987522066079080e+06
6.521987522061891854e+06
6.521987522057433613e+06
6.521987522052693181e+06
6.521987522047750652e+06
6.521987522042722441e+06
6.521987522037413903e+06
6.521987522031945176e+06
6.521987522026218474e+06
6.521987522020207718e+06
6.521987522014066577e+06
