1.126971645444638468e+07
1.126971645444524847e+07
1.126971645444303937e+07
1.126971645443996042e+07
1.126971645443564653e+07
1.126971645443030633e+07
1.126971645442379452e+07
1.126971645441627130e+07
1.126971645440766774e+07
1.126971645439814031e+07
1.126971645438743941e+07
1.126971645437573828e+07
1.126971645436294749e+07
1.126971645434896834e+07
1.126971645433391444e+07
1.126971645431800187e+07
1.126971645430090092e+07
1.126971645428268984e+07
1.126971645426335745e+07
1.126971645424305834e+07
1.126971645422167331e+07
1.126971645419945940e+07
1.126971645417576656e+07
1.126971645415132679e+07
1.126971645412561670e+07
1.126971645409880392e+07
1.126971645407098718e+07
1.126971645404213667e+07
1.126971645401222445e+07
1.126971645398127288e+07
