3.187423136464207619e+07
3.187423136464108154e+07
3.187423136463914812e+07
3.187423136463630572e+07
3.187423136463246122e+07
3.187423136462786421e+07
3.187423136462209001e+07
3.187423136461557820e+07
3.187423136460828036e+07
3.187423136459990591e+07
3.187423136459043995e+07
3.187423136458014324e+07
3.187423136456892267e+07
3.187423136455636472e+07
3.187423136454299092e+07
3.187423136452877149e+07
3.187423136451345682e+07
3.187423136449737847e+07
3.187423136448047310e+07
3.187423136446228251e+07
3.187423136444329843e+07
3.187423136442334205e+07
3.187423136440220848e+07
3.187423136438015848e+07
3.187423136435730383e+07
3.187423136433396116e+07
3.187423136430891976e+07
3.187423136428325623e+07
3.187423136425654590e+07
3.187423136422897503e+07
