5.566576023855084553e+06
5.566576023854769766e+06
5.566576023854145780e+06
5.566576023853258230e+06
5.566576023852001876e+06
5.566576023850400001e+06
5.566576023848474957e+06
5.566576023846270517e+06
5.566576023843701929e+06
5.566576023840829730e+06
5.566576023837709799e+06
5.566576023834218271e+06
5.566576023830412887e+06
5.566576023826229386e+06
5.566576023821843788e+06
5.566576023817131296e+06
5.566576023812060244e+06
5.566576023806649260e+06
5.566576023800960742e+06
5.566576023794869892e+06
5.566576023788528517e+06
5.566576023781991564e+06
5.566576023774997331e+06
5.566576023767785169e+06
5.566576023760154843e+06
5.566576023752235807e+06
5.566576023744001985e+06
5.566576023735418916e+06
5.566576023726527579e+06
5.566576023717341945e+06
