8.056477196659577079e+06
8.056477196658954956e+06
8.056477196657720953e+06
8.056477196655814536e+06
8.056477196653251536e+06
8.056477196650073864e+06
8.056477196646311320e+06
8.056477196641890332e+06
8.056477196636860259e+06
8.056477196631229483e+06
8.056477196625021286e+06
8.056477196618085727e+06
8.056477196610597894e+06
8.056477196602405980e+06
8.056477196593707427e+06
8.056477196584215388e+06
8.056477196574047208e+06
8.056477196563476697e+06
8.056477196552073583e+06
8.056477196540203877e+06
8.056477196527785622e+06
8.056477196514721960e+06
8.056477196500671096e+06
8.056477196486267261e+06
8.056477196471209638e+06
8.056477196455467492e+06
8.056477196439201012e+06
8.056477196422269568e+06
8.056477196404584683e+06
8.056477196386455558e+06
