1.003584126617914997e+07
1.003584126617849804e+07
1.003584126617714763e+07
1.003584126617518254e+07
1.003584126617247611e+07
1.003584126616902836e+07
1.003584126616502926e+07
1.003584126616029441e+07
1.003584126615480520e+07
1.003584126614871249e+07
1.003584126614192128e+07
1.003584126613438502e+07
1.003584126612618566e+07
1.003584126611723565e+07
1.003584126610792615e+07
1.003584126609770209e+07
1.003584126608689688e+07
1.003584126607541554e+07
1.003584126606324129e+07
1.003584126605013013e+07
1.003584126603653096e+07
1.003584126602217369e+07
1.003584126600740664e+07
1.003584126599193737e+07
1.003584126597555354e+07
1.003584126595862024e+07
1.003584126594095118e+07
1.003584126592254080e+07
1.003584126590339281e+07
1.003584126588366739e+07
