1.438218597552918456e+07
1.438218597552829422e+07
1.438218597552648559e+07
1.438218597552365251e+07
1.438218597552008741e+07
1.438218597551541217e+07
1.438218597551000118e+07
1.438218597550358810e+07
1.438218597549638897e+07
1.438218597548829764e+07
1.438218597547908686e+07
1.438218597546883300e+07
1.438218597545774840e+07
1.438218597544575296e+07
1.438218597543283552e+07
1.438218597541883029e+07
1.438218597540430911e+07
1.438218597538855858e+07
1.438218597537249699e+07
1.438218597535494715e+07
1.438218597533643059e+07
1.438218597531709448e+07
1.438218597529674508e+07
1.438218597527554259e+07
1.438218597525387257e+07
1.438218597523077205e+07
1.438218597520676441e+07
1.438218597518220916e+07
1.438218597515673190e+07
1.438218597513000667e+07
