1.442003805619040504e+07
1.442003805618979223e+07
1.442003805618854612e+07
1.442003805618677661e+07
1.442003805618437938e+07
1.442003805618132651e+07
1.442003805617761239e+07
1.442003805617334880e+07
1.442003805616844818e+07
1.442003805616302788e+07
1.442003805615705810e+07
1.442003805615038611e+07
1.442003805614319630e+07
1.442003805613531731e+07
1.442003805612664297e+07
1.442003805611741543e+07
1.442003805610767007e+07
1.442003805609719828e+07
1.442003805608607456e+07
1.442003805607463978e+07
1.442003805606250651e+07
1.442003805604969524e+07
1.442003805603647605e+07
1.442003805602247640e+07
1.442003805600778759e+07
1.442003805599243380e+07
1.442003805597661063e+07
1.442003805596016347e+07
1.442003805594308861e+07
1.442003805592552945e+07
