5.024129814422211796e+07
5.024129814422140270e+07
5.024129814421974868e+07
5.024129814421717077e+07
5.024129814421390742e+07
5.024129814420971274e+07
5.024129814420471340e+07
5.024129814419872314e+07
5.024129814419205487e+07
5.024129814418449998e+07
5.024129814417620748e+07
5.024129814416700602e+07
5.024129814415701479e+07
5.024129814414589852e+07
5.024129814413426071e+07
5.024129814412193745e+07
5.024129814410843700e+07
5.024129814409445226e+07
5.024129814407920092e+07
5.024129814406269789e+07
5.024129814404579252e+07
5.024129814402819425e+07
5.024129814400987327e+07
5.024129814399103820e+07
5.024129814397132397e+07
5.024129814395021647e+07
5.024129814392842352e+07
5.024129814390563220e+07
5.024129814388259500e+07
5.024129814385844767e+07
