3.046736439055659622e+07
3.046736439055363461e+07
3.046736439054767415e+07
3.046736439053917304e+07
3.046736439052761719e+07
3.046736439051262289e+07
3.046736439049495384e+07
3.046736439047478512e+07
3.046736439045121148e+07
3.046736439042514935e+07
3.046736439039606601e+07
3.046736439036380872e+07
3.046736439032861590e+07
3.046736439029078186e+07
3.046736439025032148e+07
3.046736439020638168e+07
3.046736439015954360e+07
3.046736439011000842e+07
3.046736439005813748e+07
3.046736439000311866e+07
3.046736438994519785e+07
3.046736438988391310e+07
3.046736438982026279e+07
3.046736438975271955e+07
3.046736438968275860e+07
3.046736438960979134e+07
3.046736438953379169e+07
3.046736438945497572e+07
3.046736438937346265e+07
3.046736438928883150e+07
