4.544035085970314220e+06
4.544035085970229469e+06
4.544035085970068350e+06
4.544035085969832726e+06
4.544035085969509557e+06
4.544035085969093256e+06
4.544035085968628526e+06
4.544035085968074389e+06
4.544035085967423394e+06
4.544035085966715589e+06
4.544035085965944454e+06
4.544035085965064354e+06
4.544035085964120924e+06
4.544035085963109508e+06
4.544035085961980745e+06
4.544035085960782133e+06
4.544035085959517397e+06
4.544035085958198644e+06
4.544035085956745781e+06
4.544035085955207236e+06
4.544035085953569971e+06
4.544035085951866582e+06
4.544035085950150155e+06
4.544035085948361084e+06
4.544035085946436040e+06
4.544035085944416933e+06
4.544035085942332633e+06
4.544035085940198041e+06
4.544035085937985219e+06
4.544035085935693234e+06
