1.975408052451322973e+07
1.975408052451131493e+07
1.975408052450755239e+07
1.975408052450189739e+07
1.975408052449439466e+07
1.975408052448498830e+07
1.975408052447398752e+07
1.975408052446075529e+07
1.975408052444595098e+07
1.975408052442895994e+07
1.975408052440988645e+07
1.975408052438926697e+07
1.975408052436652407e+07
1.975408052434214205e+07
1.975408052431588620e+07
1.975408052428724244e+07
1.975408052425694838e+07
1.975408052422501892e+07
1.975408052419124544e+07
1.975408052415564656e+07
1.975408052411799878e+07
1.975408052407842129e+07
1.975408052403656393e+07
1.975408052399315685e+07
1.975408052394779399e+07
1.975408052390108630e+07
1.975408052385251224e+07
1.975408052380120382e+07
1.975408052374850586e+07
1.975408052369389310e+07
