1.115715761643493474e+08
1.115715761643446088e+08
1.115715761643353701e+08
1.115715761643214375e+08
1.115715761643026322e+08
1.115715761642785072e+08
1.115715761642502844e+08
1.115715761642181426e+08
1.115715761641803533e+08
1.115715761641384959e+08
1.115715761640927792e+08
1.115715761640415043e+08
1.115715761639855206e+08
1.115715761639244258e+08
1.115715761638601571e+08
1.115715761637902856e+08
1.115715761637157500e+08
1.115715761636368036e+08
1.115715761635531485e+08
1.115715761634639800e+08
1.115715761633712500e+08
1.115715761632723212e+08
1.115715761631712168e+08
1.115715761630637348e+08
1.115715761629522443e+08
1.115715761628379673e+08
1.115715761627158225e+08
1.115715761625898182e+08
1.115715761624595076e+08
1.115715761623252630e+08
