1.795934138832866773e+07
1.795934138832824677e+07
1.795934138832735643e+07
1.795934138832607120e+07
1.795934138832427189e+07
1.795934138832205907e+07
1.795934138831935078e+07
1.795934138831633702e+07
1.795934138831268251e+07
1.795934138830867782e+07
1.795934138830424473e+07
1.795934138829945028e+07
1.795934138829419762e+07
1.795934138828858361e+07
1.795934138828238472e+07
1.795934138827585056e+07
1.795934138826894015e+07
1.795934138826146722e+07
1.795934138825359941e+07
1.795934138824506849e+07
1.795934138823634759e+07
1.795934138822707161e+07
1.795934138821742311e+07
1.795934138820726052e+07
1.795934138819702715e+07
1.795934138818601891e+07
1.795934138817458972e+07
1.795934138816267997e+07
1.795934138815034553e+07
1.795934138813772798e+07
