5.397756784441327676e+06
5.397756784440989606e+06
5.397756784440247342e+06
5.397756784439156763e+06
5.397756784437697381e+06
5.397756784435895272e+06
5.397756784433644265e+06
5.397756784431111068e+06
5.397756784428153187e+06
5.397756784424841404e+06
5.397756784421187826e+06
5.397756784417163581e+06
5.397756784412768669e+06
5.397756784407936037e+06
5.397756784402849153e+06
5.397756784397290088e+06
5.397756784391473047e+06
5.397756784385151230e+06
5.397756784378611483e+06
5.397756784371661022e+06
5.397756784364329651e+06
5.397756784356608987e+06
5.397756784348546527e+06
5.397756784340126440e+06
5.397756784331257455e+06
5.397756784322047606e+06
5.397756784312634729e+06
5.397756784302634187e+06
5.397756784292367287e+06
5.397756784281752072e+06
