1.234612377957558259e+07
1.234612377957424708e+07
1.234612377957155369e+07
1.234612377956742980e+07
1.234612377956207469e+07
1.234612377955533005e+07
1.234612377954681031e+07
1.234612377953737229e+07
1.234612377952664904e+07
1.234612377951467782e+07
1.234612377950094454e+07
1.234612377948611416e+07
1.234612377946981229e+07
1.234612377945234627e+07
1.234612377943344228e+07
1.234612377941326983e+07
1.234612377939174324e+07
1.234612377936850674e+07
1.234612377934403531e+07
1.234612377931817435e+07
1.234612377929123677e+07
1.234612377926279232e+07
1.234612377923287451e+07
1.234612377920209058e+07
1.234612377916961722e+07
1.234612377913568169e+07
1.234612377910077386e+07
1.234612377906409092e+07
1.234612377902590670e+07
1.234612377898676880e+07
