4.288789217861202545e+06
4.288789217861077748e+06
4.288789217860830948e+06
4.288789217860472389e+06
4.288789217859994620e+06
4.288789217859403230e+06
4.288789217858687975e+06
4.288789217857836746e+06
4.288789217856870033e+06
4.288789217855776660e+06
4.288789217854589224e+06
4.288789217853291892e+06
4.288789217851863243e+06
4.288789217850275338e+06
4.288789217848573811e+06
4.288789217846739106e+06
4.288789217844817787e+06
4.288789217842757702e+06
4.288789217840633355e+06
4.288789217838346958e+06
4.288789217835881747e+06
4.288789217833321542e+06
4.288789217830692418e+06
4.288789217827925459e+06
4.288789217825050466e+06
4.288789217822013423e+06
4.288789217818885110e+06
4.288789217815626413e+06
4.288789217812265269e+06
4.288789217808731832e+06
