1.459082223811307177e+07
1.459082223811296187e+07
1.459082223811270669e+07
1.459082223811228387e+07
1.459082223811175302e+07
1.459082223811105080e+07
1.459082223811020330e+07
1.459082223810923472e+07
1.459082223810814135e+07
1.459082223810689896e+07
1.459082223810551316e+07
1.459082223810395598e+07
1.459082223810225353e+07
1.459082223810045794e+07
1.459082223809854873e+07
1.459082223809655756e+07
1.459082223809429631e+07
1.459082223809196614e+07
1.459082223808941618e+07
1.459082223808681592e+07
1.459082223808400892e+07
1.459082223808106780e+07
1.459082223807791993e+07
1.459082223807469942e+07
1.459082223807144351e+07
1.459082223806803115e+07
1.459082223806443810e+07
1.459082223806069233e+07
1.459082223805681802e+07
1.459082223805264570e+07
