2.180147521695201099e+07
2.180147521695054322e+07
2.180147521694778278e+07
2.180147521694354340e+07
2.180147521693786234e+07
2.180147521693056449e+07
2.180147521692196652e+07
2.180147521691186354e+07
2.180147521690037847e+07
2.180147521688737348e+07
2.180147521687297150e+07
2.180147521685736999e+07
2.180147521684009582e+07
2.180147521682124957e+07
2.180147521680100635e+07
2.180147521677970141e+07
2.180147521675713733e+07
2.180147521673282981e+07
2.180147521670712531e+07
2.180147521667973697e+07
2.180147521665102243e+07
2.180147521662047878e+07
2.180147521658910438e+07
2.180147521655639261e+07
2.180147521652210131e+07
2.180147521648609266e+07
2.180147521644876897e+07
2.180147521640984714e+07
2.180147521637002379e+07
2.180147521632821113e+07
