5.143558023191567510e+06
5.143558023191384040e+06
5.143558023190992884e+06
5.143558023190428503e+06
5.143558023189673200e+06
5.143558023188740946e+06
5.143558023187623359e+06
5.143558023186305538e+06
5.143558023184797727e+06
5.143558023183121346e+06
5.143558023181301542e+06
5.143558023179241456e+06
5.143558023177016526e+06
5.143558023174587637e+06
5.143558023171955720e+06
5.143558023169184104e+06
5.143558023166243918e+06
5.143558023162996396e+06
5.143558023159660399e+06
5.143558023156111129e+06
5.143558023152378388e+06
5.143558023148454726e+06
5.143558023144431412e+06
5.143558023140124045e+06
5.143558023135578260e+06
5.143558023130919784e+06
5.143558023126114160e+06
5.143558023121143691e+06
5.143558023115927354e+06
5.143558023110524751e+06
