6.329004927545273304e+07
6.329004927545216680e+07
6.329004927545084059e+07
6.329004927544897795e+07
6.329004927544654161e+07
6.329004927544329315e+07
6.329004927543936670e+07
6.329004927543509752e+07
6.329004927542988211e+07
6.329004927542406321e+07
6.329004927541798353e+07
6.329004927541110665e+07
6.329004927540370822e+07
6.329004927539556473e+07
6.329004927538658679e+07
6.329004927537738532e+07
6.329004927536673844e+07
6.329004927535601705e+07
6.329004927534409612e+07
6.329004927533163130e+07
6.329004927531854808e+07
6.329004927530495077e+07
6.329004927529085428e+07
6.329004927527614683e+07
6.329004927526117861e+07
6.329004927524532378e+07
6.329004927522891015e+07
6.329004927521240711e+07
6.329004927519430965e+07
6.329004927517533302e+07
