2.914891017593755852e+06
2.914891017592803109e+06
2.914891017590934411e+06
2.914891017588087823e+06
2.914891017584326677e+06
2.914891017579620704e+06
2.914891017573929392e+06
2.914891017567339819e+06
2.914891017559759319e+06
2.914891017551227007e+06
2.914891017541779205e+06
2.914891017531395890e+06
2.914891017520077061e+06
2.914891017507753801e+06
2.914891017494553700e+06
2.914891017480370123e+06
2.914891017465255689e+06
2.914891017449186649e+06
2.914891017432129942e+06
2.914891017414177768e+06
2.914891017395289149e+06
2.914891017375420313e+06
2.914891017354618292e+06
2.914891017332845367e+06
2.914891017310177442e+06
2.914891017286526039e+06
2.914891017261925153e+06
2.914891017236377113e+06
2.914891017209899612e+06
2.914891017182507552e+06
