6.329405185733226687e+07
6.329405185732716322e+07
6.329405185731717944e+07
6.329405185730195045e+07
6.329405185728159547e+07
6.329405185725671798e+07
6.329405185722666979e+07
6.329405185719133914e+07
6.329405185715057701e+07
6.329405185710516572e+07
6.329405185705450177e+07
6.329405185699842870e+07
6.329405185693749785e+07
6.329405185687194020e+07
6.329405185680110753e+07
6.329405185672519356e+07
6.329405185664463788e+07
6.329405185655973852e+07
6.329405185646767914e+07
6.329405185637204349e+07
6.329405185627199709e+07
6.329405185616655648e+07
6.329405185605576634e+07
6.329405185593856871e+07
6.329405185581768304e+07
6.329405185568984598e+07
6.329405185555923730e+07
6.329405185542322695e+07
6.329405185528203845e+07
6.329405185513461381e+07
