1.203009718824774725e+06
1.203009718823885312e+06
1.203009718822107650e+06
1.203009718819431495e+06
1.203009718815852189e+06
1.203009718811393948e+06
1.203009718806025106e+06
1.203009718799774535e+06
1.203009718792614061e+06
1.203009718784575816e+06
1.203009718775631394e+06
1.203009718765796395e+06
1.203009718755067792e+06
1.203009718743442092e+06
1.203009718730916502e+06
1.203009718717504991e+06
1.203009718703193124e+06
1.203009718687992310e+06
1.203009718671893002e+06
1.203009718654889846e+06
1.203009718637001002e+06
1.203009718618217623e+06
1.203009718598536216e+06
1.203009718577966793e+06
1.203009718556497945e+06
1.203009718534132000e+06
1.203009718510869890e+06
1.203009718486716505e+06
1.203009718461660435e+06
1.203009718435729155e+06
