9.022104878000980243e+06
9.022104878000788391e+06
9.022104878000361845e+06
9.022104877999711782e+06
9.022104877998884767e+06
9.022104877997845411e+06
9.022104877996625379e+06
9.022104877995159477e+06
9.022104877993440256e+06
9.022104877991540357e+06
9.022104877989387140e+06
9.022104877987017855e+06
9.022104877984503284e+06
9.022104877981772646e+06
9.022104877978792414e+06
9.022104877975665033e+06
9.022104877972273156e+06
9.022104877968670800e+06
9.022104877964816988e+06
9.022104877960817888e+06
9.022104877956580371e+06
9.022104877952206880e+06
9.022104877947507426e+06
9.022104877942629158e+06
9.022104877937579527e+06
9.022104877932285890e+06
9.022104877926934510e+06
9.022104877921251580e+06
9.022104877915328369e+06
9.022104877909159288e+06
