1.017321014986143447e+07
1.017321014986094646e+07
1.017321014985998906e+07
1.017321014985850826e+07
1.017321014985664189e+07
1.017321014985419437e+07
1.017321014985127747e+07
1.017321014984773286e+07
1.017321014984384738e+07
1.017321014983957820e+07
1.017321014983475395e+07
1.017321014982933737e+07
1.017321014982351661e+07
1.017321014981719293e+07
1.017321014981034957e+07
1.017321014980305918e+07
1.017321014979523420e+07
1.017321014978702925e+07
1.017321014977831393e+07
1.017321014976905845e+07
1.017321014975930564e+07
1.017321014974899404e+07
1.017321014973818883e+07
1.017321014972689189e+07
1.017321014971509390e+07
1.017321014970288053e+07
1.017321014969028346e+07
1.017321014967709593e+07
1.017321014966323413e+07
1.017321014964909293e+07
