1.074166997781334212e+06
1.074166997781275306e+06
1.074166997781143757e+06
1.074166997780941660e+06
1.074166997780682286e+06
1.074166997780353995e+06
1.074166997779961675e+06
1.074166997779505560e+06
1.074166997778979363e+06
1.074166997778391698e+06
1.074166997777731624e+06
1.074166997777012642e+06
1.074166997776227072e+06
1.074166997775370721e+06
1.074166997774457559e+06
1.074166997773471987e+06
1.074166997772426810e+06
1.074166997771311784e+06
1.074166997770131333e+06
1.074166997768887319e+06
1.074166997767572757e+06
1.074166997766197426e+06
1.074166997764755506e+06
1.074166997763246763e+06
1.074166997761680745e+06
1.074166997760040220e+06
1.074166997758329846e+06
1.074166997756555909e+06
1.074166997754728189e+06
1.074166997752829222e+06
