1.157957843428483456e+08
1.157957843428455740e+08
1.157957843428398669e+08
1.157957843428310901e+08
1.157957843428197801e+08
1.157957843428060412e+08
1.157957843427887410e+08
1.157957843427688777e+08
1.157957843427454978e+08
1.157957843427194208e+08
1.157957843426902294e+08
1.157957843426583111e+08
1.157957843426243812e+08
1.157957843425858170e+08
1.157957843425443769e+08
1.157957843425003439e+08
1.157957843424534649e+08
1.157957843424042761e+08
1.157957843423521370e+08
1.157957843422982693e+08
1.157957843422400802e+08
1.157957843421796858e+08
1.157957843421159387e+08
1.157957843420498222e+08
1.157957843419796526e+08
1.157957843419071436e+08
1.157957843418321460e+08
1.157957843417550772e+08
1.157957843416750133e+08
1.157957843415906280e+08
