1.640614972182080448e+08
1.640614972182036936e+08
1.640614972181939185e+08
1.640614972181791663e+08
1.640614972181594372e+08
1.640614972181347311e+08
1.640614972181054354e+08
1.640614972180707157e+08
1.640614972180306315e+08
1.640614972179870009e+08
1.640614972179382145e+08
1.640614972178850472e+08
1.640614972178269327e+08
1.640614972177613676e+08
1.640614972176920176e+08
1.640614972176169753e+08
1.640614972175380588e+08
1.640614972174535096e+08
1.640614972173658311e+08
1.640614972172726989e+08
1.640614972171750069e+08
1.640614972170706987e+08
1.640614972169606090e+08
1.640614972168478370e+08
1.640614972167310119e+08
1.640614972166077793e+08
1.640614972164805830e+08
1.640614972163480222e+08
1.640614972162099183e+08
1.640614972160689831e+08
