2.047273576236543432e+07
2.047273576236500591e+07
2.047273576236407459e+07
2.047273576236258447e+07
2.047273576236071065e+07
2.047273576235827431e+07
2.047273576235539466e+07
2.047273576235213503e+07
2.047273576234827563e+07
2.047273576234393567e+07
2.047273576233920455e+07
2.047273576233411580e+07
2.047273576232867315e+07
2.047273576232246682e+07
2.047273576231565699e+07
2.047273576230863482e+07
2.047273576230107993e+07
2.047273576229273900e+07
2.047273576228411496e+07
2.047273576227505505e+07
2.047273576226546243e+07
2.047273576225534081e+07
2.047273576224485412e+07
2.047273576223406568e+07
2.047273576222233474e+07
2.047273576221057773e+07
2.047273576219811291e+07
2.047273576218519732e+07
2.047273576217183843e+07
2.047273576215822250e+07
