1.486784105278013460e+07
1.486784105277870037e+07
1.486784105277572572e+07
1.486784105277130567e+07
1.486784105276571028e+07
1.486784105275830440e+07
1.486784105274951458e+07
1.486784105273927376e+07
1.486784105272772536e+07
1.486784105271460302e+07
1.486784105270003155e+07
1.486784105268403143e+07
1.486784105266649835e+07
1.486784105264767446e+07
1.486784105262729898e+07
1.486784105260532349e+07
1.486784105258205533e+07
1.486784105255735107e+07
1.486784105253119953e+07
1.486784105250330269e+07
1.486784105247428827e+07
1.486784105244390666e+07
1.486784105241194740e+07
1.486784105237836950e+07
1.486784105234324932e+07
1.486784105230674706e+07
1.486784105226875842e+07
1.486784105222936720e+07
1.486784105218859017e+07
1.486784105214645714e+07
