1.355346956717909575e+08
1.355346956717823446e+08
1.355346956717657149e+08
1.355346956717408895e+08
1.355346956717070341e+08
1.355346956716651320e+08
1.355346956716150045e+08
1.355346956715565324e+08
1.355346956714887023e+08
1.355346956714119017e+08
1.355346956713281274e+08
1.355346956712370515e+08
1.355346956711365879e+08
1.355346956710292697e+08
1.355346956709128916e+08
1.355346956707872748e+08
1.355346956706537902e+08
1.355346956705099642e+08
1.355346956703584194e+08
1.355346956701992452e+08
1.355346956700322032e+08
1.355346956698549688e+08
1.355346956696699560e+08
1.355346956694779694e+08
1.355346956692757308e+08
1.355346956690656543e+08
1.355346956688478589e+08
1.355346956686238945e+08
1.355346956683864892e+08
1.355346956681399345e+08
