4.023845648012209684e+07
4.023845648011936992e+07
4.023845648011382669e+07
4.023845648010580242e+07
4.023845648009473830e+07
4.023845648008105904e+07
4.023845648006444424e+07
4.023845648004528880e+07
4.023845648002319783e+07
4.023845647999750823e+07
4.023845647996920347e+07
4.023845647993792593e+07
4.023845647990430892e+07
4.023845647986801714e+07
4.023845647982852906e+07
4.023845647978639603e+07
4.023845647974151373e+07
4.023845647969420999e+07
4.023845647964394838e+07
4.023845647959098220e+07
4.023845647953455895e+07
4.023845647947575152e+07
4.023845647941390425e+07
4.023845647934978455e+07
4.023845647928254306e+07
4.023845647921177000e+07
4.023845647913845628e+07
4.023845647906291485e+07
4.023845647898427397e+07
4.023845647890300304e+07
