1.043163907014135718e+08
1.043163907014125884e+08
1.043163907014102042e+08
1.043163907014067918e+08
1.043163907014022917e+08
1.043163907013966590e+08
1.043163907013899833e+08
1.043163907013816535e+08
1.043163907013723701e+08
1.043163907013619542e+08
1.043163907013506144e+08
1.043163907013377696e+08
1.043163907013237476e+08
1.043163907013083398e+08
1.043163907012920082e+08
1.043163907012747228e+08
1.043163907012560517e+08
1.043163907012355775e+08
1.043163907012148052e+08
1.043163907011928260e+08
1.043163907011701316e+08
1.043163907011455894e+08
1.043163907011199594e+08
1.043163907010932118e+08
1.043163907010663301e+08
1.043163907010375708e+08
1.043163907010077834e+08
1.043163907009774894e+08
1.043163907009448856e+08
1.043163907009110451e+08
