1.134695626838883571e+07
1.134695626838849112e+07
1.134695626838780008e+07
1.134695626838676818e+07
1.134695626838532090e+07
1.134695626838359237e+07
1.134695626838148385e+07
1.134695626837893575e+07
1.134695626837604120e+07
1.134695626837286912e+07
1.134695626836929470e+07
1.134695626836534776e+07
1.134695626836108603e+07
1.134695626835633442e+07
1.134695626835142449e+07
1.134695626834606752e+07
1.134695626834046654e+07
1.134695626833444275e+07
1.134695626832806505e+07
1.134695626832134463e+07
1.134695626831431314e+07
1.134695626830678433e+07
1.134695626829904690e+07
1.134695626829105429e+07
1.134695626828279346e+07
1.134695626827390119e+07
1.134695626826453954e+07
1.134695626825508662e+07
1.134695626824514568e+07
1.134695626823493093e+07
