1.401726471238469472e+06
1.401726471238101134e+06
1.401726471237340011e+06
1.401726471236194251e+06
1.401726471234689001e+06
1.401726471232766053e+06
1.401726471230490832e+06
1.401726471227827016e+06
1.401726471224770648e+06
1.401726471221361542e+06
1.401726471217547311e+06
1.401726471213352634e+06
1.401726471208783565e+06
1.401726471203829627e+06
1.401726471198495477e+06
1.401726471192771336e+06
1.401726471186681651e+06
1.401726471180208260e+06
1.401726471173348837e+06
1.401726471166106639e+06
1.401726471158481203e+06
1.401726471150486963e+06
1.401726471142098773e+06
1.401726471133335028e+06
1.401726471124184318e+06
1.401726471114664106e+06
1.401726471104751341e+06
1.401726471094468376e+06
1.401726471083787503e+06
1.401726471072742017e+06
