2.789629396092756093e+07
2.789623292668228969e+07
2.789614180822663009e+07
2.789602064893075451e+07
2.789586950639911368e+07
2.789568845223484188e+07
2.789547757239081711e+07
2.789523696611038595e+07
2.789496674686766043e+07
2.789466704107208177e+07
2.789433798907411844e+07
2.789397974349721149e+07
2.789359247008836642e+07
2.789317634783939272e+07
2.789273156599764153e+07
2.789225832725734636e+07
2.789175684540201724e+07
2.789122734633674845e+07
2.789067006387555972e+07
2.789008524504892528e+07
2.788947314559464902e+07
2.788883403145932779e+07
2.788816817794156447e+07
2.788747586637974903e+07
2.788675739060782641e+07
2.788601304739302397e+07
2.788524314435315877e+07
2.788444799490740895e+07
2.788362791853776947e+07
2.788278324035964161e+07
