7.864577866767531633e+07
7.864577866514311731e+07
7.864577865868803859e+07
7.864577864831574261e+07
7.864577863402505219e+07
7.864577861580678821e+07
7.864577859367299080e+07
7.864577856761942804e+07
7.864577853763765097e+07
7.864577850373810530e+07
7.864577846592594683e+07
7.864577842418496311e+07
7.864577837852707505e+07
7.864577832894222438e+07
7.864577827543896437e+07
7.864577821801882982e+07
7.864577815667387843e+07
7.864577809141223133e+07
7.864577802223038673e+07
7.864577794912070036e+07
7.864577787209434807e+07
7.864577779115037620e+07
7.864577770628276467e+07
7.864577761748965085e+07
7.864577752478156984e+07
7.864577742815361917e+07
7.864577732760627568e+07
7.864577722313532233e+07
7.864577711474421620e+07
7.864577700242660940e+07
