3.930722788808477670e+07
3.930722788743334264e+07
3.930722788577417284e+07
3.930722788310271502e+07
3.930722787942374498e+07
3.930722787473338842e+07
3.930722786903620511e+07
3.930722786232801527e+07
3.930722785461212695e+07
3.930722784588459879e+07
3.930722783615171909e+07
3.930722782540576160e+07
3.930722781365170330e+07
3.930722780088918656e+07
3.930722778711704910e+07
3.930722777233472466e+07
3.930722775654518604e+07
3.930722773974369466e+07
3.930722772193427384e+07
3.930722770311477035e+07
3.930722768328887224e+07
3.930722766244998574e+07
3.930722764060408622e+07
3.930722761774704605e+07
3.930722759388255328e+07
3.930722756900848448e+07
3.930722754312455654e+07
3.930722751623051614e+07
3.930722748832860589e+07
3.930722745941779017e+07
