7.837140846728473902e+07
7.837140846598352492e+07
7.837140846266898513e+07
7.837140845733462274e+07
7.837140844998320937e+07
7.837140844061923027e+07
7.837140842924056947e+07
7.837140841584330797e+07
7.837140840043114126e+07
7.837140838300162554e+07
7.837140836355617642e+07
7.837140834209789336e+07
7.837140831862261891e+07
7.837140829313299060e+07
7.837140826562745869e+07
7.837140823609887064e+07
7.837140820456062257e+07
7.837140817100624740e+07
7.837140813543671370e+07
7.837140809785519540e+07
7.837140805824708939e+07
7.837140801662927866e+07
7.837140797299715877e+07
7.837140792734430730e+07
7.837140787968714535e+07
7.837140783000078797e+07
7.837140777830183506e+07
7.837140772459168732e+07
7.837140766886274517e+07
7.837140761111752689e+07
