7.862752075843721628e+07
7.862752075636187196e+07
7.862752075107480586e+07
7.862752074258376658e+07
7.862752073087525368e+07
7.862752071595327556e+07
7.862752069782409072e+07
7.862752067647998035e+07
7.862752065192206204e+07
7.862752062415732443e+07
7.862752059318315983e+07
7.862752055898967385e+07
7.862752052159222960e+07
7.862752048098121583e+07
7.862752043715676665e+07
7.862752039012609422e+07
7.862752033987660706e+07
7.862752028641811013e+07
7.862752022974982858e+07
7.862752016986864805e+07
7.862752010677929223e+07
7.862752004047375917e+07
7.862751997095663846e+07
7.862751989823026955e+07
7.862751982229641080e+07
7.862751974314485490e+07
7.862751966078194976e+07
7.862751957521237433e+07
7.862751948642933369e+07
7.862751939442868531e+07
