7.455760613025818765e+07
7.455760612847803533e+07
7.455760612393793464e+07
7.455760611664240062e+07
7.455760610659131408e+07
7.455760609377844632e+07
7.455760607820686698e+07
7.455760605988040566e+07
7.455760603879821301e+07
7.455760601495051384e+07
7.455760598835374415e+07
7.455760595898938179e+07
7.455760592687770724e+07
7.455760589200605452e+07
7.455760585436971486e+07
7.455760581398363411e+07
7.455760577083295584e+07
7.455760572492867708e+07
7.455760567626379430e+07
7.455760562484376132e+07
7.455760557066178322e+07
7.455760551372897625e+07
7.455760545403397083e+07
7.455760539158405364e+07
7.455760532637299597e+07
7.455760525840546191e+07
7.455760518768393993e+07
7.455760511419816315e+07
7.455760503795620799e+07
7.455760495895913243e+07
