7.851564500249248743e+07
7.851564499996283650e+07
7.851564499351419508e+07
7.851564498315496743e+07
7.851564496887710690e+07
7.851564495068064332e+07
7.851564492856912315e+07
7.851564490254263580e+07
7.851564487259568274e+07
7.851564483873794973e+07
7.851564480096182227e+07
7.851564475927545130e+07
7.851564471366128325e+07
7.851564466413730383e+07
7.851564461069522798e+07
7.851564455333606899e+07
7.851564449206350744e+07
7.851564442686799169e+07
7.851564435776333511e+07
7.851564428473687172e+07
7.851564420779851079e+07
7.851564412693665922e+07
7.851564404217369854e+07
7.851564395347799361e+07
7.851564386087389290e+07
7.851564376435220242e+07
7.851564366391348839e+07
7.851564355955573916e+07
7.851564345128300786e+07
7.851564333910198510e+07
