7.848076135574179888e+07
7.848076135306872427e+07
7.848076134626099467e+07
7.848076133530747890e+07
7.848076132022285461e+07
7.848076130099759996e+07
7.848076127763050795e+07
7.848076125012761354e+07
7.848076121848769486e+07
7.848076118270799518e+07
7.848076114279091358e+07
7.848076109873579443e+07
7.848076105054143071e+07
7.848076099820505083e+07
7.848076094173717499e+07
7.848076088112464547e+07
7.848076081637538970e+07
7.848076074748983979e+07
7.848076067446400225e+07
7.848076059730120003e+07
7.848076051599986851e+07
7.848076043056337535e+07
7.848076034097775817e+07
7.848076024726203084e+07
7.848076014940778911e+07
7.848076004741232097e+07
7.848075994128328562e+07
7.848075983101193607e+07
7.848075971660490334e+07
7.848075959805934131e+07
