2.334873228244800866e+07
2.334873228233222663e+07
2.334873228199812770e+07
2.334873228144587576e+07
2.334873228067362681e+07
2.334873227968410403e+07
2.334873227847612649e+07
2.334873227704912424e+07
2.334873227540350705e+07
2.334873227354022115e+07
2.334873227145779878e+07
2.334873226915640384e+07
2.334873226663662493e+07
2.334873226389868557e+07
2.334873226094134152e+07
2.334873225776610523e+07
2.334873225437229872e+07
2.334873225076025352e+07
2.334873224692929909e+07
2.334873224288017303e+07
2.334873223861204833e+07
2.334873223412498087e+07
2.334873222942075133e+07
2.334873222449727729e+07
2.334873221935419366e+07
2.334873221399399266e+07
2.334873220841465145e+07
2.334873220261707529e+07
2.334873219660018012e+07
2.334873219036566094e+07
