8.378468352702906355e+06
8.378468352665834129e+06
8.378468352559105493e+06
8.378468352382293902e+06
8.378468352135704830e+06
8.378468351819245145e+06
8.378468351432805881e+06
8.378468350976534188e+06
8.378468350450512022e+06
8.378468349854365923e+06
8.378468349188742228e+06
8.378468348452877253e+06
8.378468347647230141e+06
8.378468346771799959e+06
8.378468345826452598e+06
8.378468344811188057e+06
8.378468343726049177e+06
8.378468342570963316e+06
8.378468341346201487e+06
8.378468340051384643e+06
8.378468338686699048e+06
8.378468337252286263e+06
8.378468335747762583e+06
8.378468334173615091e+06
8.378468332529320382e+06
8.378468330815403722e+06
8.378468329031502828e+06
8.378468327177683823e+06
8.378468325254081748e+06
8.378468323260486126e+06
