8.837626282636057585e+06
8.837626282229157165e+06
8.837626281052874401e+06
8.837626279107319191e+06
8.837626276392413303e+06
8.837626272908246145e+06
8.837626268654741347e+06
8.837626263631995767e+06
8.837626257839972153e+06
8.837626251278497279e+06
8.837626243947906420e+06
8.837626235847888514e+06
8.837626226978551596e+06
8.837626217340044677e+06
8.837626206932177767e+06
8.837626195755129680e+06
8.837626183808593079e+06
8.837626171092882752e+06
8.837626157607952133e+06
8.837626143353618681e+06
8.837626128329932690e+06
8.837626112537061796e+06
8.837626095974892378e+06
8.837626078643312678e+06
8.837626060542637482e+06
8.837626041672525927e+06
8.837626022033197805e+06
8.837626001624556258e+06
8.837625980446470901e+06
8.837625958499643952e+06
