6.926190315774340526e-29
3.057077104893501871e-28
5.421535178209570249e-28
7.785993251525637731e-28
1.015045132484170611e-27
1.251490939815777449e-27
1.487936747147384107e-27
1.724382554478990945e-27
1.960828361810597604e-27
2.197274169142204262e-27
2.433719976473811279e-27
2.670165783805417938e-27
2.906611591137024596e-27
3.143057398468631614e-27
3.379503205800238989e-27
3.615949013131845648e-27
3.852394820463452306e-27
4.088840627795058965e-27
4.325286435126665623e-27
4.561732242458272999e-27
4.798178049789879658e-27
5.034623857121486316e-27
5.271069664453092975e-27
5.507515471784699633e-27
5.743961279116306292e-27
5.980407086447913668e-27
6.216852893779520326e-27
6.453298701111126985e-27
6.689744508442734361e-27
6.926190315774340302e-27
