2.310527178278031160e-29
1.019818892481337946e-28
1.808585067134872831e-28
2.597351241788407941e-28
3.386117416441942603e-28
4.174883591095477712e-28
4.963649765749013271e-28
5.752415940402547932e-28
6.541182115056082593e-28
7.329948289709617255e-28
8.118714464363151916e-28
8.907480639016687475e-28
9.696246813670223033e-28
1.048501298832375680e-27
1.127377916297729236e-27
1.206254533763082612e-27
1.285131151228436168e-27
1.364007768693789724e-27
1.442884386159143100e-27
1.521761003624496656e-27
1.600637621089850032e-27
1.679514238555203768e-27
1.758390856020557144e-27
1.837267473485910521e-27
1.916144090951264256e-27
1.995020708416617632e-27
2.073897325881971009e-27
2.152773943347324385e-27
2.231650560812678120e-27
2.310527178278031497e-27
