3.002226787073887336e-29
1.325120788777439905e-28
2.350018898847491132e-28
3.374917008917542583e-28
4.399815118987593586e-28
5.424713229057644589e-28
6.449611339127696488e-28
7.474509449197747491e-28
8.499407559267798494e-28
9.524305669337849497e-28
1.054920377940790050e-27
1.157410188947795150e-27
1.259899999954800430e-27
1.362389810961805530e-27
1.464879621968810630e-27
1.567369432975815731e-27
1.669859243982821010e-27
1.772349054989826290e-27
1.874838865996831211e-27
1.977328677003836491e-27
2.079818488010841412e-27
2.182308299017846691e-27
2.284798110024851612e-27
2.387287921031856892e-27
2.489777732038862171e-27
2.592267543045867092e-27
2.694757354052872372e-27
2.797247165059877293e-27
2.899736976066882573e-27
3.002226787073887493e-27
