1.791708962751191861e-29
7.908232663177674846e-29
1.402475636360415671e-28
2.014128006403064194e-28
2.625780376445712268e-28
3.237432746488360342e-28
3.849085116531008865e-28
4.460737486573657836e-28
5.072389856616305910e-28
5.684042226658953985e-28
6.295694596701602059e-28
6.907346966744251030e-28
7.518999336786899104e-28
8.130651706829547179e-28
8.742304076872196150e-28
9.353956446914843327e-28
9.965608816957492298e-28
1.057726118700014127e-27
1.118891355704278845e-27
1.180056592708543742e-27
1.241221829712808460e-27
1.302387066717073357e-27
1.363552303721338254e-27
1.424717540725602972e-27
1.485882777729867869e-27
1.547048014734132766e-27
1.608213251738397483e-27
1.669378488742662201e-27
1.730543725746927098e-27
1.791708962751191995e-27
