9.769694468090010865e-29
4.312141006605246546e-28
7.647312566401491557e-28
1.098248412619773836e-27
1.431765568599398337e-27
1.765282724579023018e-27
2.098799880558647519e-27
2.432317036538272020e-27
2.765834192517896521e-27
3.099351348497521022e-27
3.432868504477145882e-27
3.766385660456770024e-27
4.099902816436394884e-27
4.433419972416019027e-27
4.766937128395643886e-27
5.100454284375268029e-27
5.433971440354892889e-27
5.767488596334517749e-27
6.101005752314141891e-27
6.434522908293766751e-27
6.768040064273390893e-27
7.101557220253015036e-27
7.435074376232639178e-27
7.768591532212263320e-27
8.102108688191888898e-27
8.435625844171513040e-27
8.769143000151137182e-27
9.102660156130762760e-27
9.436177312110386902e-27
9.769694468090011044e-27
