1.862171495409273384e-29
8.219239703875414020e-29
1.457630791234155438e-28
2.093337612080769473e-28
2.729044432927383285e-28
3.364751253773997545e-28
4.000458074620611356e-28
4.636164895467225616e-28
5.271871716313839876e-28
5.907578537160454135e-28
6.543285358007068395e-28
7.178992178853681758e-28
7.814698999700296018e-28
8.450405820546909381e-28
9.086112641393522744e-28
9.721819462240137901e-28
1.035752628308675126e-27
1.099323310393336463e-27
1.162893992477997978e-27
1.226464674562659315e-27
1.290035356647320830e-27
1.353606038731982167e-27
1.417176720816643503e-27
1.480747402901305019e-27
1.544318084985966355e-27
1.607888767070627691e-27
1.671459449155289207e-27
1.735030131239950723e-27
1.798600813324611879e-27
1.862171495409273395e-27
