2.608259808662877849e-29
1.151231915547753244e-28
2.041637850229218592e-28
2.932043784910683939e-28
3.822449719592149287e-28
4.712855654273614186e-28
5.603261588955079533e-28
6.493667523636544880e-28
7.384073458318010228e-28
8.274479392999475575e-28
9.164885327680941819e-28
1.005529126236240627e-27
1.094569719704387251e-27
1.183610313172533876e-27
1.272650906640680321e-27
1.361691500108826766e-27
1.450732093576973390e-27
1.539772687045120015e-27
1.628813280513266280e-27
1.717853873981412905e-27
1.806894467449559529e-27
1.895935060917706154e-27
1.984975654385852419e-27
2.074016247853999044e-27
2.163056841322145668e-27
2.252097434790292293e-27
2.341138028258438917e-27
2.430178621726585183e-27
2.519219215194731807e-27
2.608259808662878432e-27
