2.021384254612094207e-29
8.921971882425796202e-29
1.582255951023949652e-28
2.272314713805320131e-28
2.962373476586690163e-28
3.652432239368060194e-28
4.342491002149430226e-28
5.032549764930800257e-28
5.722608527712170288e-28
6.412667290493540320e-28
7.102726053274910351e-28
7.792784816056280383e-28
8.482843578837651311e-28
9.172902341619020445e-28
9.862961104400391374e-28
1.055301986718176051e-27
1.124307862996313144e-27
1.193313739274450236e-27
1.262319615552587150e-27
1.331325491830724243e-27
1.400331368108861156e-27
1.469337244386998249e-27
1.538343120665135162e-27
1.607348996943272255e-27
1.676354873221409527e-27
1.745360749499546620e-27
1.814366625777683354e-27
1.883372502055820447e-27
1.952378378333957540e-27
2.021384254612094633e-27
