1.200307370035751126e-29
5.297908391881936931e-29
9.395509413728122597e-29
1.349311043557430826e-28
1.759071145742049393e-28
2.168831247926667959e-28
2.578591350111286526e-28
2.988351452295905092e-28
3.398111554480523659e-28
3.807871656665142225e-28
4.217631758849760344e-28
4.627391861034379359e-28
5.037151963218997477e-28
5.446912065403615595e-28
5.856672167588234610e-28
6.266432269772853625e-28
6.676192371957471743e-28
7.085952474142089861e-28
7.495712576326708876e-28
7.905472678511327891e-28
8.315232780695946009e-28
8.724992882880564127e-28
9.134752985065184039e-28
9.544513087249802157e-28
9.954273189434420275e-28
1.036403329161903839e-27
1.077379339380365651e-27
1.118355349598827642e-27
1.159331359817289454e-27
1.200307370035751266e-27
