1.460516165876111560e-29
6.446416180418700302e-29
1.143231619496128904e-28
1.641821620950387779e-28
2.140411622404646429e-28
2.639001623858905303e-28
3.137591625313164177e-28
3.636181626767423052e-28
4.134771628221681926e-28
4.633361629675940800e-28
5.131951631130199674e-28
5.630541632584458549e-28
6.129131634038717423e-28
6.627721635492976297e-28
7.126311636947235172e-28
7.624901638401494046e-28
8.123491639855752920e-28
8.622081641310011794e-28
9.120671642764270669e-28
9.619261644218529543e-28
1.011785164567278842e-27
1.061644164712704729e-27
1.111503164858130617e-27
1.161362165003556504e-27
1.211221165148982391e-27
1.261080165294408279e-27
1.310939165439834166e-27
1.360798165585260054e-27
1.410657165730685941e-27
1.460516165876111829e-27
