1.851156340630562316e-29
8.170621089679723866e-29
1.449008583872888682e-28
2.080955058777804753e-28
2.712901533682720824e-28
3.344848008587636895e-28
3.976794483492553414e-28
4.608740958397469933e-28
5.240687433302386004e-28
5.872633908207302075e-28
6.504580383112218146e-28
7.136526858017134217e-28
7.768473332922051185e-28
8.400419807826966359e-28
9.032366282731882430e-28
9.664312757636798501e-28
1.029625923254171457e-27
1.092820570744663064e-27
1.156015218235154671e-27
1.219209865725646279e-27
1.282404513216137886e-27
1.345599160706629493e-27
1.408793808197121100e-27
1.471988455687612707e-27
1.535183103178104493e-27
1.598377750668596100e-27
1.661572398159087708e-27
1.724767045649579315e-27
1.787961693140070922e-27
1.851156340630562529e-27
