1.173105691159685579e-29
5.177845809256543670e-29
9.182585927353402041e-29
1.318732604545025929e-28
1.719206616354711878e-28
2.119680628164397827e-28
2.520154639974083328e-28
2.920628651783769277e-28
3.321102663593455227e-28
3.721576675403141176e-28
4.122050687212827574e-28
4.522524699022513074e-28
4.922998710832198575e-28
5.323472722641884973e-28
5.723946734451570474e-28
6.124420746261256871e-28
6.524894758070942372e-28
6.925368769880627873e-28
7.325842781690314270e-28
7.726316793499999771e-28
8.126790805309686169e-28
8.527264817119370773e-28
8.927738828929057170e-28
9.328212840738743568e-28
9.728686852548428172e-28
1.012916086435811457e-27
1.052963487616780097e-27
1.093010888797748736e-27
1.133058289978717197e-27
1.173105691159685837e-27
