1.412172047558744547e-29
6.233035244397217621e-29
1.105389844123569210e-28
1.587476163807416433e-28
2.069562483491263656e-28
2.551648803175111104e-28
3.033735122858958103e-28
3.515821442542805550e-28
3.997907762226652998e-28
4.479994081910500445e-28
4.962080401594347893e-28
5.444166721278195340e-28
5.926253040962041891e-28
6.408339360645889338e-28
6.890425680329736786e-28
7.372512000013584233e-28
7.854598319697431681e-28
8.336684639381278231e-28
8.818770959065126576e-28
9.300857278748973126e-28
9.782943598432821471e-28
1.026502991811666802e-27
1.074711623780051637e-27
1.122920255748436292e-27
1.171128887716820947e-27
1.219337519685205781e-27
1.267546151653590436e-27
1.315754783621975271e-27
1.363963415590359926e-27
1.412172047558744760e-27
