1.830152193002398897e-29
8.077913127734726937e-29
1.432567406246705666e-28
2.057343499719938190e-28
2.682119593193171162e-28
3.306895686666404134e-28
3.931671780139636658e-28
4.556447873612870079e-28
5.181223967086103051e-28
5.806000060559336023e-28
6.430776154032568995e-28
7.055552247505801967e-28
7.680328340979034043e-28
8.305104434452266118e-28
8.929880527925499090e-28
9.554656621398732063e-28
1.017943271487196503e-27
1.080420880834519801e-27
1.142898490181843098e-27
1.205376099529166395e-27
1.267853708876489692e-27
1.330331318223812990e-27
1.392808927571136287e-27
1.455286536918459584e-27
1.517764146265782702e-27
1.580241755613105999e-27
1.642719364960429296e-27
1.705196974307752594e-27
1.767674583655075891e-27
1.830152193002399188e-27
