5.336527331566481851e+06
5.336527331563018262e+06
5.336527331555365585e+06
5.336527331543406472e+06
5.336527331527257338e+06
5.336527331506730057e+06
5.336527331481969915e+06
5.336527331452909857e+06
5.336527331419608556e+06
5.336527331382045522e+06
5.336527331340181641e+06
5.336527331293998286e+06
5.336527331243640743e+06
5.336527331189025193e+06
5.336527331130034290e+06
5.336527331066747196e+06
5.336527330999316648e+06
5.336527330927466042e+06
5.336527330851403996e+06
5.336527330771133304e+06
5.336527330686569214e+06
5.336527330597685650e+06
5.336527330504533835e+06
5.336527330407062545e+06
5.336527330305444077e+06
5.336527330199433491e+06
5.336527330089190975e+06
5.336527329974667169e+06
5.336527329855915159e+06
5.336527329732836224e+06
