8.378468352702906355e+06
8.378468352702359669e+06
8.378468352701161057e+06
8.378468352699217387e+06
8.378468352696591057e+06
8.378468352693322115e+06
8.378468352689295076e+06
8.378468352684564888e+06
8.378468352679314092e+06
8.378468352673303336e+06
8.378468352666468360e+06
8.378468352659080178e+06
8.378468352651048452e+06
8.378468352642338723e+06
8.378468352632756345e+06
8.378468352622585371e+06
8.378468352611714043e+06
8.378468352600255050e+06
8.378468352588079870e+06
8.378468352575203404e+06
8.378468352561725304e+06
8.378468352547311224e+06
8.378468352532317862e+06
8.378468352516633458e+06
8.378468352500395849e+06
8.378468352483349852e+06
8.378468352465679869e+06
8.378468352447404526e+06
8.378468352428255603e+06
8.378468352408343926e+06
