8.174114598095154762e+07
8.174114598094010353e+07
8.174114598091368377e+07
8.174114598087346554e+07
8.174114598081852496e+07
8.174114598074826598e+07
8.174114598066359758e+07
8.174114598056559265e+07
8.174114598045252264e+07
8.174114598032377660e+07
8.174114598018097878e+07
8.174114598002368212e+07
8.174114597985193133e+07
8.174114597966386378e+07
8.174114597946122289e+07
8.174114597924667597e+07
8.174114597901721299e+07
8.174114597877489030e+07
8.174114597851695120e+07
8.174114597824370861e+07
8.174114597795483470e+07
8.174114597765585780e+07
8.174114597734040022e+07
8.174114597700744867e+07
8.174114597666226327e+07
8.174114597630067170e+07
8.174114597592282295e+07
8.174114597553135455e+07
8.174114597512440383e+07
8.174114597470363975e+07
