1.775834330214129761e+07
1.775834330213960633e+07
1.775834330213560164e+07
1.775834330212941021e+07
1.775834330212105066e+07
1.775834330211060122e+07
1.775834330209806934e+07
1.775834330208329111e+07
1.775834330206614360e+07
1.775834330204705149e+07
1.775834330202554166e+07
1.775834330200209469e+07
1.775834330197602138e+07
1.775834330194805562e+07
1.775834330191804096e+07
1.775834330188580975e+07
1.775834330185159296e+07
1.775834330181477219e+07
1.775834330177566782e+07
1.775834330173427984e+07
1.775834330169090629e+07
1.775834330164546892e+07
1.775834330159793049e+07
1.775834330154827237e+07
1.775834330149630457e+07
1.775834330144189671e+07
1.775834330138482898e+07
1.775834330132642388e+07
1.775834330126576126e+07
1.775834330120283365e+07
