1.229236789764068276e+07
1.229236789763916656e+07
1.229236789763568901e+07
1.229236789763015509e+07
1.229236789762254618e+07
1.229236789761288650e+07
1.229236789760143869e+07
1.229236789758776501e+07
1.229236789757220261e+07
1.229236789755480178e+07
1.229236789753513411e+07
1.229236789751376398e+07
1.229236789749026857e+07
1.229236789746496454e+07
1.229236789743725024e+07
1.229236789740787074e+07
1.229236789737641253e+07
1.229236789734262973e+07
1.229236789730752259e+07
1.229236789727021381e+07
1.229236789723075181e+07
1.229236789718903415e+07
1.229236789714560658e+07
1.229236789710016921e+07
1.229236789705289714e+07
1.229236789700330235e+07
1.229236789695227146e+07
1.229236789689890482e+07
1.229236789684332721e+07
1.229236789678598568e+07
