2.717394088489289582e+07
2.717394088488869369e+07
2.717394088487952948e+07
2.717394088486488536e+07
2.717394088484533131e+07
2.717394088482012227e+07
2.717394088478996232e+07
2.717394088475463539e+07
2.717394088471429050e+07
2.717394088466843963e+07
2.717394088461714610e+07
2.717394088456114009e+07
2.717394088449961692e+07
2.717394088443250954e+07
2.717394088435991853e+07
2.717394088428230211e+07
2.717394088420066237e+07
2.717394088411370292e+07
2.717394088402127475e+07
2.717394088392255455e+07
2.717394088381909952e+07
2.717394088371075317e+07
2.717394088359728456e+07
2.717394088347848505e+07
2.717394088335474581e+07
2.717394088322561607e+07
2.717394088309090212e+07
2.717394088295111433e+07
2.717394088280602545e+07
2.717394088265597448e+07
