1.056514789037559628e+08
1.056514789037494212e+08
1.056514789037320763e+08
1.056514789037060887e+08
1.056514789036710262e+08
1.056514789036270529e+08
1.056514789035729468e+08
1.056514789035095721e+08
1.056514789034356177e+08
1.056514789033538252e+08
1.056514789032618552e+08
1.056514789031602591e+08
1.056514789030479193e+08
1.056514789029260576e+08
1.056514789027958512e+08
1.056514789026562870e+08
1.056514789025058001e+08
1.056514789023474455e+08
1.056514789021788836e+08
1.056514789019998908e+08
1.056514789018134475e+08
1.056514789016160220e+08
1.056514789014068991e+08
1.056514789011915922e+08
1.056514789009673446e+08
1.056514789007332772e+08
1.056514789004898816e+08
1.056514789002390504e+08
1.056514788999751508e+08
1.056514788997021765e+08
