2.252729241646043584e+07
2.252729241645715758e+07
2.252729241644977406e+07
2.252729241643841192e+07
2.252729241642290726e+07
2.252729241640315577e+07
2.252729241637946293e+07
2.252729241635164246e+07
2.252729241631951556e+07
2.252729241628342122e+07
2.252729241624301299e+07
2.252729241619855911e+07
2.252729241614970192e+07
2.252729241609726101e+07
2.252729241604100168e+07
2.252729241598068923e+07
2.252729241591573879e+07
2.252729241584650055e+07
2.252729241577320918e+07
2.252729241569577157e+07
2.252729241561461613e+07
2.252729241552954540e+07
2.252729241543999314e+07
2.252729241534658894e+07
2.252729241524895653e+07
2.252729241514720768e+07
2.252729241504133120e+07
2.252729241493109986e+07
2.252729241481707618e+07
2.252729241469885409e+07
