1.045541851182658598e+07
1.045541851182605140e+07
1.045541851182473637e+07
1.045541851182274148e+07
1.045541851182008348e+07
1.045541851181657426e+07
1.045541851181245036e+07
1.045541851180758514e+07
1.045541851180193387e+07
1.045541851179550961e+07
1.045541851178854890e+07
1.045541851178093441e+07
1.045541851177253015e+07
1.045541851176334918e+07
1.045541851175352372e+07
1.045541851174279489e+07
1.045541851173141040e+07
1.045541851171938889e+07
1.045541851170661114e+07
1.045541851169339009e+07
1.045541851167929173e+07
1.045541851166430488e+07
1.045541851164870337e+07
1.045541851163223758e+07
1.045541851161516272e+07
1.045541851159752160e+07
1.045541851157909632e+07
1.045541851155972108e+07
1.045541851154005900e+07
1.045541851151948981e+07
