3.866001787975980341e+07
3.866001787975542992e+07
3.866001787974558771e+07
3.866001787972973287e+07
3.866001787970878929e+07
3.866001787968172133e+07
3.866001787964891642e+07
3.866001787961150706e+07
3.866001787956806272e+07
3.866001787951860577e+07
3.866001787946382165e+07
3.866001787940341979e+07
3.866001787933675945e+07
3.866001787926421314e+07
3.866001787918718159e+07
3.866001787910374999e+07
3.866001787901567668e+07
3.866001787892105430e+07
3.866001787882278115e+07
3.866001787871735543e+07
3.866001787860574573e+07
3.866001787848918885e+07
3.866001787836684287e+07
3.866001787823985517e+07
3.866001787810534984e+07
3.866001787796632946e+07
3.866001787782108784e+07
3.866001787767054141e+07
3.866001787751401216e+07
3.866001787735305727e+07
