4.046412988713090122e+07
4.046412988712637872e+07
4.046412988711614162e+07
4.046412988710016012e+07
4.046412988707888126e+07
4.046412988705178350e+07
4.046412988701866567e+07
4.046412988698010892e+07
4.046412988693646342e+07
4.046412988688720018e+07
4.046412988683151454e+07
4.046412988677071780e+07
4.046412988670337200e+07
4.046412988663169742e+07
4.046412988655365258e+07
4.046412988647007942e+07
4.046412988638170809e+07
4.046412988628675789e+07
4.046412988618609309e+07
4.046412988607919216e+07
4.046412988596719503e+07
4.046412988585007191e+07
4.046412988572832197e+07
4.046412988559869677e+07
4.046412988546323776e+07
4.046412988532329351e+07
4.046412988517738134e+07
4.046412988502592593e+07
4.046412988486906141e+07
4.046412988470606506e+07
