1.619008073347952776e+07
1.619008073347802833e+07
1.619008073347465694e+07
1.619008073346929997e+07
1.619008073346211948e+07
1.619008073345306329e+07
1.619008073344197311e+07
1.619008073342906870e+07
1.619008073341415823e+07
1.619008073339731619e+07
1.619008073337871395e+07
1.619008073335814662e+07
1.619008073333583586e+07
1.619008073331146128e+07
1.619008073328570090e+07
1.619008073325756006e+07
1.619008073322731815e+07
1.619008073319525830e+07
1.619008073316146620e+07
1.619008073312577419e+07
1.619008073308825679e+07
1.619008073304862529e+07
1.619008073300719075e+07
1.619008073296401277e+07
1.619008073291871510e+07
1.619008073287164234e+07
1.619008073282231018e+07
1.619008073277171887e+07
1.619008073271852359e+07
1.619008073266412690e+07
