1.472699807859870419e+07
1.472699807859599590e+07
1.472699807858990319e+07
1.472699807858074456e+07
1.472699807856803387e+07
1.472699807855168916e+07
1.472699807853220031e+07
1.472699807850910351e+07
1.472699807848313451e+07
1.472699807845310308e+07
1.472699807841973007e+07
1.472699807838330790e+07
1.472699807834372669e+07
1.472699807830015570e+07
1.472699807825313695e+07
1.472699807820353284e+07
1.472699807815025747e+07
1.472699807809355855e+07
1.472699807803329825e+07
1.472699807796973363e+07
1.472699807790283486e+07
1.472699807783207856e+07
1.472699807775876671e+07
1.472699807768199407e+07
1.472699807760118321e+07
1.472699807751755975e+07
1.472699807743020356e+07
1.472699807733953744e+07
1.472699807724579796e+07
1.472699807714834437e+07
