4.788970085255290568e+07
4.788970085254883766e+07
4.788970085253981501e+07
4.788970085252564400e+07
4.788970085250595212e+07
4.788970085248163342e+07
4.788970085245233774e+07
4.788970085241754353e+07
4.788970085237783194e+07
4.788970085233262181e+07
4.788970085228254646e+07
4.788970085222697258e+07
4.788970085216648877e+07
4.788970085210128874e+07
4.788970085203025490e+07
4.788970085195486248e+07
4.788970085187360644e+07
4.788970085178849846e+07
4.788970085169780254e+07
4.788970085160157084e+07
4.788970085150057822e+07
4.788970085139418393e+07
4.788970085128233582e+07
4.788970085116582364e+07
4.788970085104357451e+07
4.788970085091751814e+07
4.788970085078666359e+07
4.788970085064939409e+07
4.788970085050625354e+07
4.788970085035890341e+07
