1.064727123657450676e+08
1.064727123657408655e+08
1.064727123657319993e+08
1.064727123657185137e+08
1.064727123656990677e+08
1.064727123656757027e+08
1.064727123656460494e+08
1.064727123656117916e+08
1.064727123655725569e+08
1.064727123655281514e+08
1.064727123654782176e+08
1.064727123654242009e+08
1.064727123653642386e+08
1.064727123653001487e+08
1.064727123652310967e+08
1.064727123651550859e+08
1.064727123650757968e+08
1.064727123649908453e+08
1.064727123649020195e+08
1.064727123648071438e+08
1.064727123647067845e+08
1.064727123646034300e+08
1.064727123644924611e+08
1.064727123643785268e+08
1.064727123642576486e+08
1.064727123641316146e+08
1.064727123640042692e+08
1.064727123638697118e+08
1.064727123637297004e+08
1.064727123635863960e+08
