1.521622259235212393e+07
1.521622259234994464e+07
1.521622259234496020e+07
1.521622259233748727e+07
1.521622259232713841e+07
1.521622259231409058e+07
1.521622259229852818e+07
1.521622259228005260e+07
1.521622259225878678e+07
1.521622259223505110e+07
1.521622259220864624e+07
1.521622259217933752e+07
1.521622259214722738e+07
1.521622259211231209e+07
1.521622259207471088e+07
1.521622259203452058e+07
1.521622259199177660e+07
1.521622259194620512e+07
1.521622259189808182e+07
1.521622259184706397e+07
1.521622259179301746e+07
1.521622259173641168e+07
1.521622259167746268e+07
1.521622259161572903e+07
1.521622259155098535e+07
1.521622259148361348e+07
1.521622259141328186e+07
1.521622259134067968e+07
1.521622259126562439e+07
1.521622259118675813e+07
