1.272920234960688502e+08
1.272920234960534573e+08
1.272920234960192144e+08
1.272920234959670454e+08
1.272920234958940297e+08
1.272920234958019853e+08
1.272920234956936687e+08
1.272920234955642521e+08
1.272920234954167157e+08
1.272920234952490777e+08
1.272920234950640947e+08
1.272920234948603511e+08
1.272920234946378469e+08
1.272920234943941534e+08
1.272920234941311032e+08
1.272920234938501865e+08
1.272920234935502112e+08
1.272920234932329208e+08
1.272920234928914011e+08
1.272920234925350845e+08
1.272920234921561182e+08
1.272920234917574078e+08
1.272920234913460761e+08
1.272920234909140170e+08
1.272920234904572964e+08
1.272920234899853021e+08
1.272920234894930720e+08
1.272920234889814705e+08
1.272920234884501845e+08
1.272920234879062772e+08
