7.864584974496018840e+05
7.864584974494877970e+05
7.864584974492272595e+05
7.864584974488212029e+05
7.864584974482740508e+05
7.864584974475732306e+05
7.864584974467406282e+05
7.864584974457586650e+05
7.864584974446283886e+05
7.864584974433485186e+05
7.864584974419309292e+05
7.864584974403725937e+05
7.864584974386654794e+05
7.864584974368093535e+05
7.864584974348113174e+05
7.864584974326645024e+05
7.864584974303789204e+05
7.864584974279457238e+05
7.864584974253679393e+05
7.864584974226459162e+05
7.864584974197791889e+05
7.864584974167657783e+05
7.864584974136091769e+05
7.864584974103061249e+05
7.864584974068602314e+05
7.864584974032677710e+05
7.864584973995327018e+05
7.864584973956486210e+05
7.864584973916235613e+05
7.864584973874544958e+05
