7.136153399514023355e-28
3.041785386542852687e-26
6.012209239090564970e-26
8.982633091638276679e-26
1.195305694418598839e-25
1.492348079673370125e-25
1.789390464928141181e-25
2.086432850182912466e-25
2.383475235437683752e-25
2.680517620692455038e-25
2.977560005947226324e-25
3.274602391201997609e-25
3.571644776456768436e-25
3.868687161711539721e-25
4.165729546966311007e-25
4.462771932221082752e-25
4.759814317475853579e-25
5.056856702730624405e-25
5.353899087985396150e-25
5.650941473240166977e-25
5.947983858494938721e-25
6.245026243749709548e-25
6.542068629004481293e-25
6.839111014259252119e-25
7.136153399514023864e-25
