2.050031019256116860e-29
9.048412774647691071e-29
1.604679453003926472e-28
2.304517628543083613e-28
3.004355804082241202e-28
3.704193979621398791e-28
4.404032155160555035e-28
5.103870330699712625e-28
5.803708506238870214e-28
6.503546681778027803e-28
7.203384857317185392e-28
7.903223032856342085e-28
8.603061208395499674e-28
9.302899383934658160e-28
1.000273755947381485e-27
1.070257573501297334e-27
1.140241391055213003e-27
1.210225208609128672e-27
1.280209026163044521e-27
1.350192843716960190e-27
1.420176661270876039e-27
1.490160478824791708e-27
1.560144296378707377e-27
1.630128113932623226e-27
1.700111931486538536e-27
1.770095749040454564e-27
1.840079566594370234e-27
1.910063384148285903e-27
1.980047201702201572e-27
2.050031019256117241e-27
