3.138520687054049977e-29
1.385278096354891341e-28
2.456704124004377405e-28
3.528130151653863692e-28
4.599556179303349980e-28
5.670982206952836268e-28
6.742408234602322555e-28
7.813834262251808843e-28
8.885260289901295130e-28
9.956686317550782315e-28
1.102811234520026771e-27
1.209953837284975310e-27
1.317096440049924028e-27
1.424239042814872747e-27
1.531381645579821286e-27
1.638524248344769825e-27
1.745666851109718543e-27
1.852809453874667262e-27
1.959952056639615980e-27
2.067094659404564340e-27
2.174237262169513058e-27
2.281379864934461777e-27
2.388522467699410136e-27
2.495665070464358855e-27
2.602807673229307573e-27
2.709950275994256292e-27
2.817092878759205010e-27
2.924235481524153370e-27
3.031378084289102088e-27
3.138520687054050448e-27
