2.542386084324991448e-29
1.122156616529651483e-28
1.990074624626803933e-28
2.857992632723956159e-28
3.725910640821108385e-28
4.593828648918260611e-28
5.461746657015413285e-28
6.329664665112565063e-28
7.197582673209717737e-28
8.065500681306870411e-28
8.933418689404022189e-28
9.801336697501174863e-28
1.066925470559832754e-27
1.153717271369548021e-27
1.240509072179263109e-27
1.327300872988978377e-27
1.414092673798693644e-27
1.500884474608408912e-27
1.587676275418124179e-27
1.674468076227839446e-27
1.761259877037554535e-27
1.848051677847269981e-27
1.934843478656985069e-27
2.021635279466700157e-27
2.108427080276415604e-27
2.195218881086130692e-27
2.282010681895846139e-27
2.368802482705561227e-27
2.455594283515276315e-27
2.542386084324991762e-27
