2.423058699515587494e-29
1.069487977717224933e-28
1.896670085482891313e-28
2.723852193248557693e-28
3.551034301014223849e-28
4.378216408779890004e-28
5.205398516545556160e-28
6.032580624311222316e-28
6.859762732076888472e-28
7.686944839842554627e-28
8.514126947608221680e-28
9.341309055373886939e-28
1.016849116313955399e-27
1.099567327090521925e-27
1.182285537867088630e-27
1.265003748643655156e-27
1.347721959420221861e-27
1.430440170196788567e-27
1.513158380973355093e-27
1.595876591749921798e-27
1.678594802526488503e-27
1.761313013303055029e-27
1.844031224079621555e-27
1.926749434856188081e-27
2.009467645632754965e-27
2.092185856409321491e-27
2.174904067185888017e-27
2.257622277962454902e-27
2.340340488739021428e-27
2.423058699515587954e-27
