3.455448659642607203e-29
1.525163546325012718e-28
2.704782226685764941e-28
3.884400907046516490e-28
5.064019587407268937e-28
6.243638267768021384e-28
7.423256948128772933e-28
8.602875628489524483e-28
9.782494308850276930e-28
1.096211298921102938e-27
1.214173166957178182e-27
1.332135034993253248e-27
1.450096903029328492e-27
1.568058771065403737e-27
1.686020639101478623e-27
1.803982507137553867e-27
1.921944375173629112e-27
2.039906243209704357e-27
2.157868111245779601e-27
2.275829979281854846e-27
2.393791847317930091e-27
2.511753715354004977e-27
2.629715583390080221e-27
2.747677451426155466e-27
2.865639319462230711e-27
2.983601187498305955e-27
3.101563055534381200e-27
3.219524923570456445e-27
3.337486791606531689e-27
3.455448659642607293e-27
