3.688311626301634519e-29
1.627944441953825108e-28
2.887057721277486988e-28
4.146171000601147971e-28
5.405284279924809850e-28
6.664397559248471730e-28
7.923510838572132713e-28
9.182624117895795490e-28
1.044173739721945647e-27
1.170085067654311746e-27
1.295996395586678023e-27
1.421907723519044122e-27
1.547819051451410220e-27
1.673730379383776498e-27
1.799641707316142955e-27
1.925553035248509053e-27
2.051464363180875151e-27
2.177375691113241250e-27
2.303287019045607348e-27
2.429198346977973805e-27
2.555109674910339903e-27
2.681021002842706002e-27
2.806932330775072100e-27
2.932843658707438198e-27
3.058754986639804296e-27
3.184666314572170753e-27
3.310577642504536493e-27
3.436488970436902950e-27
3.562400298369269407e-27
3.688311626301635147e-27
