3.207414275132903420e-29
1.415686300748316101e-28
2.510631173983341747e-28
3.605576047218367394e-28
4.700520920453392592e-28
5.795465793688418238e-28
6.890410666923443885e-28
7.985355540158469531e-28
9.080300413393496075e-28
1.017524528662852172e-27
1.127019015986354737e-27
1.236513503309857301e-27
1.346007990633359866e-27
1.455502477956862431e-27
1.564996965280364995e-27
1.674491452603867739e-27
1.783985939927370125e-27
1.893480427250872510e-27
2.002974914574375254e-27
2.112469401897877998e-27
2.221963889221380383e-27
2.331458376544882769e-27
2.440952863868385513e-27
2.550447351191888257e-27
2.659941838515390642e-27
2.769436325838893027e-27
2.878930813162395771e-27
2.988425300485898515e-27
3.097919787809400900e-27
3.207414275132903644e-27
