1.679328958287309480e-29
7.412210574509503642e-29
1.314509219073169780e-28
1.887797380695389084e-28
2.461085542317608388e-28
3.034373703939827917e-28
3.607661865562047445e-28
4.180950027184266973e-28
4.754238188806486501e-28
5.327526350428706030e-28
5.900814512050925558e-28
6.474102673673145086e-28
7.047390835295363718e-28
7.620678996917583246e-28
8.193967158539802774e-28
8.767255320162022302e-28
9.340543481784241831e-28
9.913831643406461359e-28
1.048711980502868089e-27
1.106040796665090042e-27
1.163369612827311994e-27
1.220698428989533947e-27
1.278027245151755900e-27
1.335356061313977853e-27
1.392684877476199626e-27
1.450013693638421579e-27
1.507342509800643532e-27
1.564671325962865485e-27
1.622000142125087438e-27
1.679328958287309570e-27
