1.218137868858341888e-29
5.376608524616129830e-29
9.535079180373918612e-29
1.369354983613170627e-28
1.785202049188949506e-28
2.201049114764728160e-28
2.616896180340507038e-28
3.032743245916285916e-28
3.448590311492064794e-28
3.864437377067843672e-28
4.280284442643622102e-28
4.696131508219400980e-28
5.111978573795179859e-28
5.527825639370958737e-28
5.943672704946737615e-28
6.359519770522516493e-28
6.775366836098295372e-28
7.191213901674074250e-28
7.607060967249853128e-28
8.022908032825632006e-28
8.438755098401409091e-28
8.854602163977188866e-28
9.270449229552966847e-28
9.686296295128746622e-28
1.010214336070452460e-27
1.051799042628030438e-27
1.093383749185608236e-27
1.134968455743186214e-27
1.176553162300764012e-27
1.218137868858341989e-27
