1.333539009657479242e-29
5.885965284005426472e-29
1.043839155835337202e-28
1.499081783270131981e-28
1.954324410704926536e-28
2.409567038139721091e-28
2.864809665574516094e-28
3.320052293009310649e-28
3.775294920444105204e-28
4.230537547878900207e-28
4.685780175313694762e-28
5.141022802748489317e-28
5.596265430183284768e-28
6.051508057618079323e-28
6.506750685052873878e-28
6.961993312487668433e-28
7.417235939922462988e-28
7.872478567357257542e-28
8.327721194792052097e-28
8.782963822226846652e-28
9.238206449661641207e-28
9.693449077096435762e-28
1.014869170453123032e-27
1.060393433196602487e-27
1.105917695940082122e-27
1.151441958683561577e-27
1.196966221427041033e-27
1.242490484170520488e-27
1.288014746913999944e-27
1.333539009657479399e-27
