2.489372170940529304e-29
1.098757372001337142e-28
1.948577526908621409e-28
2.798397681815905901e-28
3.648217836723190168e-28
4.498037991630473987e-28
5.347858146537758702e-28
6.197678301445043418e-28
7.047498456352327237e-28
7.897318611259611056e-28
8.747138766166893978e-28
9.596958921074179591e-28
1.044677907598146341e-27
1.129659923088874723e-27
1.214641938579603284e-27
1.299623954070331666e-27
1.384605969561060048e-27
1.469587985051788430e-27
1.554570000542516812e-27
1.639552016033245373e-27
1.724534031523973575e-27
1.809516047014702137e-27
1.894498062505430698e-27
1.979480077996158900e-27
2.064462093486887462e-27
2.149444108977616023e-27
2.234426124468344226e-27
2.319408139959072787e-27
2.404390155449801348e-27
2.489372170940529551e-27
