1.554188688363113596e-29
6.859867314154433740e-29
1.216554593994575220e-28
1.747122456573707291e-28
2.277690319152839137e-28
2.808258181731970983e-28
3.338826044311103278e-28
3.869393906890235124e-28
4.399961769469367418e-28
4.930529632048499713e-28
5.461097494627631111e-28
5.991665357206763405e-28
6.522233219785895700e-28
7.052801082365027098e-28
7.583368944944159392e-28
8.113936807523290790e-28
8.644504670102423085e-28
9.175072532681555379e-28
9.705640395260687674e-28
1.023620825783981817e-27
1.076677612041895047e-27
1.129734398299808276e-27
1.182791184557721506e-27
1.235847970815634735e-27
1.288904757073547965e-27
1.341961543331461015e-27
1.395018329589374244e-27
1.448075115847287474e-27
1.501131902105200703e-27
1.554188688363113753e-27
