1.374826697558143193e-29
6.068200596118701609e-29
1.076157449467925890e-28
1.545494839323981620e-28
2.014832229180037349e-28
2.484169619036093527e-28
2.953507008892149257e-28
3.422844398748204986e-28
3.892181788604260715e-28
4.361519178460315996e-28
4.830856568316372174e-28
5.300193958172427455e-28
5.769531348028483633e-28
6.238868737884538914e-28
6.708206127740595092e-28
7.177543517596650373e-28
7.646880907452706551e-28
8.116218297308763626e-28
8.585555687164818907e-28
9.054893077020874188e-28
9.524230466876931262e-28
9.993567856732986544e-28
1.046290524658904182e-27
1.093224263644509711e-27
1.140158002630115418e-27
1.187091741615720946e-27
1.234025480601326474e-27
1.280959219586932182e-27
1.327892958572537710e-27
1.374826697558143238e-27
