1.418912552869630328e-29
6.262786440252162222e-29
1.110666032763469356e-28
1.595053421501722489e-28
2.079440810239975398e-28
2.563828198978228307e-28
3.048215587716481665e-28
3.532602976454735022e-28
4.016990365192987931e-28
4.501377753931240840e-28
4.985765142669493750e-28
5.470152531407747556e-28
5.954539920146000465e-28
6.438927308884253374e-28
6.923314697622507180e-28
7.407702086360760089e-28
7.892089475099012998e-28
8.376476863837267701e-28
8.860864252575519713e-28
9.345251641313773519e-28
9.829639030052025531e-28
1.031402641879027934e-27
1.079841380752853314e-27
1.128280119626678516e-27
1.176718858500503896e-27
1.225157597374329277e-27
1.273596336248154478e-27
1.322035075121979859e-27
1.370473813995805239e-27
1.418912552869630440e-27
