1.412988760088872523e-29
6.236640044530196890e-29
1.106029132897151958e-28
1.588394261341284450e-28
2.070759389785416943e-28
2.553124518229549212e-28
3.035489646673681929e-28
3.517854775117814197e-28
4.000219903561946466e-28
4.482585032006078735e-28
4.964950160450210555e-28
5.447315288894343272e-28
5.929680417338475989e-28
6.412045545782607809e-28
6.894410674226740526e-28
7.376775802670872346e-28
7.859140931115005063e-28
8.341506059559136883e-28
8.823871188003270497e-28
9.306236316447402317e-28
9.788601444891534138e-28
1.027096657333566775e-27
1.075333170177979957e-27
1.123569683022393139e-27
1.171806195866806501e-27
1.220042708711219683e-27
1.268279221555632865e-27
1.316515734400046047e-27
1.364752247244459408e-27
1.412988760088872590e-27
