2.292601145398586616e+07
2.280248026081097871e+07
2.260727392245630175e+07
2.244048408249746263e+07
2.230669016970596462e+07
2.219776115495001152e+07
2.210676783479053155e+07
2.202895151176458597e+07
2.196110592038260773e+07
2.190102335205480456e+07
2.184713766713440791e+07
2.179830487027034536e+07
2.175366675508663058e+07
2.171256461455881596e+07
2.167448225270372629e+07
2.163900825849865004e+07
2.160580951783222705e+07
2.157461255206022039e+07
2.154519030160122365e+07
2.151735218802976981e+07
2.149093656918180734e+07
2.146580540646345168e+07
2.144183976585175842e+07
2.141893638894368336e+07
2.139700530063427240e+07
