3.138406669878783450e+07
3.138406669878295437e+07
3.138406669877175614e+07
3.138406669875422120e+07
3.138406669872993603e+07
3.138406669869945943e+07
3.138406669866301864e+07
3.138406669862040877e+07
3.138406669857111573e+07
3.138406669851559773e+07
3.138406669845386595e+07
3.138406669838589430e+07
3.138406669831189886e+07
3.138406669823122770e+07
3.138406669814375788e+07
3.138406669805070385e+07
3.138406669795111567e+07
3.138406669784418121e+07
3.138406669773251191e+07
3.138406669761317968e+07
3.138406669748843834e+07
3.138406669735692814e+07
3.138406669721997157e+07
3.138406669707597047e+07
3.138406669692580029e+07
3.138406669676991925e+07
3.138406669660615548e+07
3.138406669643655047e+07
3.138406669626183063e+07
3.138406669608025998e+07
