3.138406669878783450e+07
3.138406669844806194e+07
3.138406669746498019e+07
3.138406669583903998e+07
3.138406669357166439e+07
3.138406669065947458e+07
3.138406668710486218e+07
3.138406668290791661e+07
3.138406667806754634e+07
3.138406667258521914e+07
3.138406666645958275e+07
3.138406665969198570e+07
3.138406665227910504e+07
3.138406664422517642e+07
3.138406663552832231e+07
3.138406662618863955e+07
3.138406661620641127e+07
3.138406660558049381e+07
3.138406659431218356e+07
3.138406658240071684e+07
3.138406656984680146e+07
3.138406655665030703e+07
3.138406654281034321e+07
3.138406652832892537e+07
3.138406651320247352e+07
3.138406649743443727e+07
3.138406648102401942e+07
3.138406646396875754e+07
3.138406644627229124e+07
3.138406642793306336e+07
