1.877706510798610002e+07
1.877706510798493400e+07
1.877706510798224807e+07
1.877706510797808319e+07
1.877706510797236115e+07
1.877706510796526819e+07
1.877706510795648023e+07
1.877706510794616491e+07
1.877706510793439671e+07
1.877706510792121291e+07
1.877706510790660977e+07
1.877706510789052397e+07
1.877706510787298158e+07
1.877706510785383731e+07
1.877706510783318803e+07
1.877706510781115294e+07
1.877706510778750107e+07
1.877706510776243731e+07
1.877706510773541406e+07
1.877706510770713165e+07
1.877706510767742991e+07
1.877706510764621198e+07
1.877706510761333257e+07
1.877706510757921264e+07
1.877706510754365474e+07
1.877706510750629753e+07
1.877706510746787488e+07
1.877706510742762312e+07
1.877706510738627985e+07
1.877706510734306648e+07
