3.970730043072044849e+07
3.970730043071572483e+07
3.970730043070505559e+07
3.970730043068855256e+07
3.970730043066574633e+07
3.970730043063738942e+07
3.970730043060293049e+07
3.970730043056276441e+07
3.970730043051586300e+07
3.970730043046371639e+07
3.970730043040560186e+07
3.970730043034162372e+07
3.970730043027083576e+07
3.970730043019469082e+07
3.970730043011380732e+07
3.970730043002535403e+07
3.970730042993044853e+07
3.970730042983070016e+07
3.970730042972575128e+07
3.970730042961511761e+07
3.970730042949744314e+07
3.970730042937327921e+07
3.970730042924434692e+07
3.970730042910798639e+07
3.970730042896641791e+07
3.970730042881976813e+07
3.970730042866661400e+07
3.970730042850708961e+07
3.970730042834217101e+07
3.970730042817187309e+07
