3.444979762015332934e+06
3.444979761944089085e+06
3.444979761738081463e+06
3.444979761397397611e+06
3.444979760921971872e+06
3.444979760311825667e+06
3.444979759566974826e+06
3.444979758687429596e+06
3.444979757673091721e+06
3.444979756524109747e+06
3.444979755240337923e+06
3.444979753821944818e+06
3.444979752268755808e+06
3.444979750580908731e+06
3.444979748758320697e+06
3.444979746801001951e+06
3.444979744708981365e+06
3.444979742482217029e+06
3.444979740120779257e+06
3.444979737624575850e+06
3.444979734993717633e+06
3.444979732228131033e+06
3.444979729327772278e+06
3.444979726292736363e+06
3.444979723122943658e+06
3.444979719818479382e+06
3.444979716379282996e+06
3.444979712805404328e+06
3.444979709096779115e+06
3.444979705253390130e+06
