9.638584618916185573e+06
9.638584618914276361e+06
9.638584618909919634e+06
9.638584618903152645e+06
9.638584618894135579e+06
9.638584618882657960e+06
9.638584618868749589e+06
9.638584618852514774e+06
9.638584618833899498e+06
9.638584618812881410e+06
9.638584618789136410e+06
9.638584618763405830e+06
9.638584618735216558e+06
9.638584618704389781e+06
9.638584618671452627e+06
9.638584618635866791e+06
9.638584618597924709e+06
9.638584618557741866e+06
9.638584618515221402e+06
9.638584618470076472e+06
9.638584618422484025e+06
9.638584618372907862e+06
9.638584618320411071e+06
9.638584618265882134e+06
9.638584618208691478e+06
9.638584618149435148e+06
9.638584618087437004e+06
9.638584618023499846e+06
9.638584617956647649e+06
9.638584617887619883e+06
