1.075298496622831561e+06
1.075298496621206868e+06
1.075298496617535362e+06
1.075298496611807495e+06
1.075298496604040498e+06
1.075298496594217839e+06
1.075298496582345804e+06
1.075298496568425559e+06
1.075298496552451048e+06
1.075298496534442063e+06
1.075298496514369501e+06
1.075298496492252452e+06
1.075298496468092315e+06
1.075298496441873955e+06
1.075298496413607150e+06
1.075298496383297257e+06
1.075298496350934729e+06
1.075298496316521661e+06
1.075298496280062944e+06
1.075298496241554851e+06
1.075298496200992493e+06
1.075298496158381691e+06
1.075298496113728033e+06
1.075298496067026630e+06
1.075298496018268168e+06
1.075298495967460331e+06
1.075298495914604282e+06
1.075298495859706774e+06
1.075298495802750345e+06
1.075298495743746171e+06
