1.038321772673676722e+07
1.038321772673317976e+07
1.038321772672504932e+07
1.038321772671210207e+07
1.038321772669455223e+07
1.038321772667246684e+07
1.038321772664574906e+07
1.038321772661444172e+07
1.038321772657841071e+07
1.038321772653811425e+07
1.038321772649284080e+07
1.038321772644326091e+07
1.038321772638895735e+07
1.038321772633000091e+07
1.038321772626647912e+07
1.038321772619825043e+07
1.038321772612556070e+07
1.038321772604833357e+07
1.038321772596637160e+07
1.038321772587995045e+07
1.038321772578845918e+07
1.038321772569284588e+07
1.038321772559238411e+07
1.038321772548728436e+07
1.038321772537794150e+07
1.038321772526341490e+07
1.038321772514491156e+07
1.038321772502116114e+07
1.038321772489335574e+07
1.038321772476086579e+07
