6.540245120123175532e+07
6.540245120121789724e+07
6.540245120118560642e+07
6.540245120113527775e+07
6.540245120106724650e+07
6.540245120098028332e+07
6.540245120087527484e+07
6.540245120075254887e+07
6.540245120061121881e+07
6.540245120045144111e+07
6.540245120027165115e+07
6.540245120007559657e+07
6.540245119986066967e+07
6.540245119962754846e+07
6.540245119937836379e+07
6.540245119911012799e+07
6.540245119882481545e+07
6.540245119851829857e+07
6.540245119819865376e+07
6.540245119785904884e+07
6.540245119750200957e+07
6.540245119712466002e+07
6.540245119673047215e+07
6.540245119631787390e+07
6.540245119588386267e+07
6.540245119543223083e+07
6.540245119496401399e+07
6.540245119447847456e+07
6.540245119397549331e+07
6.540245119345016778e+07
