5.803636795246016234e+07
5.803636795244955271e+07
5.803636795242536813e+07
5.803636795238757133e+07
5.803636795233634859e+07
5.803636795227151364e+07
5.803636795219207555e+07
5.803636795209984481e+07
5.803636795199343562e+07
5.803636795187468082e+07
5.803636795174041390e+07
5.803636795159342885e+07
5.803636795143056661e+07
5.803636795125677437e+07
5.803636795107042044e+07
5.803636795087039471e+07
5.803636795065347105e+07
5.803636795042619109e+07
5.803636795018425584e+07
5.803636794993001968e+07
5.803636794966266304e+07
5.803636794937934726e+07
5.803636794908317924e+07
5.803636794877456874e+07
5.803636794845007360e+07
5.803636794811253995e+07
5.803636794776065648e+07
5.803636794739838690e+07
5.803636794702100009e+07
5.803636794662789255e+07
