3.302379532549506426e+07
3.302379532548232004e+07
3.302379532545330748e+07
3.302379532540817186e+07
3.302379532534703612e+07
3.302379532526980340e+07
3.302379532517451048e+07
3.302379532506340742e+07
3.302379532493720204e+07
3.302379532479422167e+07
3.302379532463478297e+07
3.302379532445840910e+07
3.302379532426650822e+07
3.302379532405869290e+07
3.302379532383385673e+07
3.302379532359229773e+07
3.302379532333531603e+07
3.302379532306246459e+07
3.302379532277285308e+07
3.302379532246584073e+07
3.302379532214473560e+07
3.302379532180551067e+07
3.302379532145074382e+07
3.302379532107980922e+07
3.302379532069341838e+07
3.302379532028847933e+07
3.302379531986815855e+07
3.302379531943243742e+07
3.302379531897975132e+07
3.302379531851124763e+07
