4.803705801694689691e+07
4.803705801694221795e+07
4.803705801693113148e+07
4.803705801691426337e+07
4.803705801689126343e+07
4.803705801686183363e+07
4.803705801682671160e+07
4.803705801678445935e+07
4.803705801673582196e+07
4.803705801668118685e+07
4.803705801662162691e+07
4.803705801655567437e+07
4.803705801648300141e+07
4.803705801640516520e+07
4.803705801632119715e+07
4.803705801623120159e+07
4.803705801613493264e+07
4.803705801603275537e+07
4.803705801592412591e+07
4.803705801580916345e+07
4.803705801568839699e+07
4.803705801556124538e+07
4.803705801542779803e+07
4.803705801528690755e+07
4.803705801514233649e+07
4.803705801499080658e+07
4.803705801483410597e+07
4.803705801466960460e+07
4.803705801450031251e+07
4.803705801432398707e+07
